[HEADER]
Format	J&M ASCII Table
Comment	COA_01_P.00039_HAL03-noFilter_UVIR600um2-UV400um0.5_24mm
Date	25/09/2024 10:55:45
Order	Y (evenX)
TechType	UV
NumPoints	841
FirstX	304
LastX	1144
XType	nm
YType	Count
ZType	Idx
NumSubFile	1
Matrix	Z vs X
[LOGIN]
Name=JM
[INSTRUMENT]
Name=TIDAS S
Detector=MMS - ASPEN 97,5 kHz
Diodearray=256 Pixel
Serial#=39059
Calibrated=2016-03-14
Range=303.56-1144.49 [nm] (F0)

SWVersion=v3.22.6 (build 0)
[CONFIG]
ChannelName=Dark
ChannelType=RawData
[PARAMETER]
It=91.00
Aver=20
Norm=0
Range=304.0-1144.0 nm
Scan=Single
[TRIGGER]
Sweep=0
Scan=0
[DIO]
DigOut=0x0000
DigIn=0x0000
[DATA]
	0
304	136.563202
305	135.334824
306	134.106461
307	133.039398
308	132.963593
309	132.887787
310	132.811996
311	132.914825
312	133.051224
313	133.187622
314	133.710449
315	134.558899
316	135.407349
317	135.899384
318	135.278381
319	134.657394
320	134.036407
321	133.971497
322	133.941208
323	133.910919
324	134.58696
325	135.661697
326	136.736435
327	137.175385
328	136.358231
329	135.541077
330	134.764969
331	135.233948
332	135.702927
333	136.17189
334	136.530853
335	136.84845
336	137.166046
337	137.426361
338	137.607788
339	137.789215
340	137.917313
341	137.630112
342	137.342926
343	137.055725
344	137.414078
345	137.927856
346	138.441635
347	138.549789
348	138.24765
349	137.945511
350	137.711319
351	137.771729
352	137.832138
353	137.892548
354	137.860275
355	137.814987
356	137.769684
357	138.202316
358	139.002365
359	139.802399
360	140.224319
361	139.530136
362	138.835937
363	138.141739
364	138.539597
365	139.007309
366	139.475021
367	139.281815
368	138.693542
369	138.105286
370	137.803192
371	138.134949
372	138.466705
373	138.798477
374	138.754974
375	138.709747
376	138.66452
377	138.834198
378	139.105515
379	139.376831
380	139.484589
381	139.303757
382	139.122925
383	138.957901
384	139.138687
385	139.319489
386	139.500275
387	139.353455
388	139.082336
389	138.811203
390	138.637787
391	138.607666
392	138.57756
393	138.587173
394	139.023788
395	139.460419
396	139.897034
397	140.322067
398	140.743546
399	141.165009
400	141.340057
401	141.20462
402	141.069183
403	141.031281
404	141.708359
405	142.385452
406	143.062531
407	142.732437
408	142.145752
409	141.559067
410	141.477753
411	141.95903
412	142.440323
413	142.76947
414	142.228119
415	141.686783
416	141.145447
417	141.78064
418	142.667679
419	143.554703
420	144.022461
421	144.067551
422	144.11264
423	144.297012
424	145.153656
425	146.0103
426	146.866928
427	148.929169
428	151.21312
429	153.49707
430	158.42984
431	165.836334
432	173.242844
433	180.002045
434	183.982544
435	187.963028
436	191.943527
437	189.373672
438	185.739258
439	182.104843
440	177.107559
441	170.906097
442	164.704651
443	159.602097
444	158.866455
445	158.130798
446	157.395142
447	157.273865
448	157.243835
449	157.213821
450	157.289108
451	157.454208
452	157.619293
453	157.740616
454	157.695602
455	157.650589
456	157.605576
457	157.455368
458	157.290314
459	157.125275
460	156.960236
461	156.795212
462	156.630188
463	156.487335
464	156.427338
465	156.36734
466	156.307343
467	155.602356
468	154.807465
469	154.012573
470	153.609222
471	153.534241
472	153.459259
473	153.337143
474	153.037277
475	152.737396
476	152.437515
477	153.855896
478	155.520004
479	157.184113
480	159.584396
481	162.612396
482	165.640396
483	169.102982
484	174.259003
485	179.415024
486	184.571045
487	186.837601
488	188.665985
489	190.494354
490	190.313614
491	188.36554
492	186.41748
493	184.106461
494	180.30069
495	176.494904
496	172.689133
497	169.655228
498	166.748734
499	163.842224
500	160.740768
501	157.460068
502	154.179382
503	151.379196
504	150.720123
505	150.06105
506	149.401978
507	148.831573
508	148.277405
509	147.723221
510	147.412033
511	147.337158
512	147.262268
513	147.174789
514	147.02504
515	146.87529
516	146.72554
517	146.861465
518	147.056122
519	147.250793
520	147.159134
521	146.769852
522	146.380554
523	146.099701
524	146.429077
525	146.758438
526	147.087814
527	148.315872
528	149.753067
529	151.190262
530	153.156601
531	155.71637
532	158.276138
533	162.203018
534	175.180771
535	188.158524
536	201.136276
537	225.904419
538	253.789841
539	281.675262
540	309.168762
541	336.184082
542	363.199371
543	387.355103
544	388.312958
545	389.270782
546	390.228607
547	372.338898
548	348.783112
549	325.227295
550	301.147034
551	276.365417
552	251.583786
553	227.677689
554	212.997818
555	198.317932
556	183.638062
557	175.304825
558	169.139801
559	162.974777
560	158.199982
561	155.4767
562	152.753418
563	150.184128
564	149.929764
565	149.6754
566	149.421036
567	149.695114
568	150.173904
569	150.65271
570	151.710037
571	153.714951
572	155.719849
573	157.802322
574	161.886871
575	165.971436
576	170.055984
577	176.003021
578	182.765717
579	189.528427
580	195.47113
581	199.914688
582	204.358246
583	208.767792
584	210.293839
585	211.81987
586	213.345917
587	211.926285
588	209.05368
589	206.181076
590	202.87207
591	198.667969
592	194.463882
593	190.259781
594	185.745895
595	181.227539
596	176.709183
597	173.88623
598	172.001099
599	170.115952
600	169.450531
601	171.605026
602	173.759506
603	175.914001
604	188.784653
605	202.10083
606	215.417023
607	229.593704
608	244.30162
609	259.009552
610	270.365845
611	272.954376
612	275.542877
613	278.131409
614	271.599548
615	264.432373
616	257.265167
617	248.721863
618	239.235077
619	229.748291
620	220.649475
621	212.703629
622	204.757797
623	196.811951
624	192.530609
625	188.609909
626	184.689224
627	181.645706
628	179.266235
629	176.886749
630	174.606247
631	172.660736
632	170.71521
633	168.769684
634	165.483078
635	162.025787
636	158.568481
637	155.969696
638	154.083832
639	152.197968
640	150.459854
641	149.292328
642	148.124802
643	146.957275
644	146.890671
645	146.995453
646	147.10022
647	147.566559
648	148.359985
649	149.153412
650	149.788925
651	149.729034
652	149.669159
653	149.609268
654	149.043167
655	148.384399
656	147.725632
657	147.150131
658	146.656021
659	146.161896
660	145.697678
661	145.383224
662	145.068756
663	144.754288
664	144.737167
665	144.782104
666	144.827026
667	144.674393
668	144.314941
669	143.95549
670	143.703949
671	144.063431
672	144.422913
673	144.78241
674	144.4608
675	143.981461
676	143.502106
677	143.420441
678	143.779999
679	144.139542
680	144.474548
681	144.654343
682	144.834137
683	145.013916
684	144.61882
685	144.079391
686	143.539963
687	143.305435
688	143.425323
689	143.545212
690	143.659439
691	143.734375
692	143.809311
693	143.884247
694	143.911835
695	143.926819
696	143.941818
697	144.120178
698	144.494965
699	144.869736
700	145.226715
701	145.451599
702	145.676483
703	145.901382
704	147.04303
705	148.437531
706	149.832031
707	150.768448
708	151.143372
709	151.518295
710	151.71347
711	150.528564
712	149.343658
713	148.158752
714	146.985458
715	145.815414
716	144.64537
717	144.053818
718	144.173843
719	144.293869
720	144.276703
721	143.211349
722	142.145996
723	141.080643
724	140.802963
725	140.742935
726	140.682907
727	140.833099
728	141.238358
729	141.643616
730	141.951111
731	141.545792
732	141.140472
733	140.735138
734	141.005798
735	141.456223
736	141.906662
737	142.122375
738	142.062317
739	142.002243
740	141.969543
741	142.119751
742	142.269943
743	142.420135
744	142.365753
745	142.260605
746	142.155457
747	142.185226
748	142.365509
749	142.545807
750	142.676071
751	142.510773
752	142.345474
753	142.180176
754	143.022324
755	144.089462
756	145.156586
757	145.891815
758	146.282684
759	146.673538
760	146.943039
761	146.597214
762	146.251404
763	145.905579
764	145.761658
765	145.656387
766	145.551117
767	144.888672
768	143.700378
769	142.512085
770	141.690338
771	142.427521
772	143.164688
773	143.901871
774	143.47821
775	142.876297
776	142.274399
777	142.098267
778	142.278885
779	142.459488
780	142.516464
781	142.140106
782	141.763748
783	141.387405
784	141.539856
785	141.750656
786	141.961456
787	142.285828
788	142.692459
789	143.099091
790	143.266815
791	142.754639
792	142.242462
793	141.730286
794	141.643295
795	141.583023
796	141.522751
797	141.621948
798	141.817871
799	142.013779
800	142.15918
801	142.189331
802	142.219482
803	142.249634
804	143.679901
805	145.12738
806	146.574875
807	147.637619
808	148.51236
809	149.3871
810	150.003784
811	150.154633
812	150.305481
813	150.389084
814	148.940536
815	147.491974
816	146.043427
817	145.529068
818	145.363052
819	145.197037
820	145.131378
821	145.206863
822	145.282349
823	145.345306
824	145.300003
825	145.2547
826	145.209396
827	145.367599
828	145.579071
829	145.790527
830	145.440842
831	144.488983
832	143.537109
833	142.755234
834	142.785461
835	142.815689
836	142.845917
837	142.915359
838	142.990952
839	143.066528
840	142.788254
841	142.22876
842	141.66925
843	141.280334
844	141.401337
845	141.522339
846	141.643341
847	141.535599
848	141.414566
849	141.293533
850	141.356613
851	141.523087
852	141.689575
853	141.723557
854	141.49646
855	141.269379
856	141.075745
857	141.832916
858	142.590088
859	143.34726
860	143.683105
861	143.864883
862	144.046661
863	143.692276
864	142.631577
865	141.570862
866	140.673981
867	140.855865
868	141.03775
869	141.21965
870	141.704758
871	142.25061
872	142.796463
873	143.147476
874	143.329468
875	143.511475
876	143.791382
877	144.383102
878	144.974808
879	145.566528
880	144.841125
881	144.036743
882	143.232346
883	143.31456
884	143.876282
885	144.438019
886	144.56778
887	143.914734
888	143.261673
889	142.662506
890	142.860016
891	143.05751
892	143.25502
893	143.135696
894	142.922928
895	142.710175
896	142.600006
897	142.600006
898	142.600006
899	142.558838
900	142.345917
901	142.132996
902	141.92009
903	141.94133
904	141.986969
905	142.032623
906	141.936935
907	141.754318
908	141.571686
909	141.46524
910	141.51091
911	141.556595
912	141.61734
913	141.967636
914	142.317917
915	142.668198
916	142.609863
917	142.427032
918	142.244202
919	142.246033
920	142.444168
921	142.642319
922	142.79689
923	142.781647
924	142.766388
925	142.751144
926	142.510193
927	142.250885
928	141.991577
929	142.087509
930	142.377426
931	142.667343
932	142.77095
933	142.557236
934	142.343521
935	142.100967
936	141.581772
937	141.062561
938	140.54335
939	140.71312
940	141.033936
941	141.354752
942	141.374557
943	141.145309
944	140.916061
945	140.657303
946	140.320938
947	139.984573
948	139.653412
949	140.295807
950	140.938217
951	141.580612
952	141.738739
953	141.723434
954	141.70813
955	141.656952
956	141.565094
957	141.473251
958	141.480606
959	141.878784
960	142.276962
961	142.67514
962	142.671265
963	142.64064
964	142.610001
965	142.341736
966	141.958542
967	141.575348
968	141.248947
969	141.003586
970	140.75824
971	140.568558
972	140.691284
973	140.814011
974	140.936737
975	141.456512
976	142.024368
977	142.592224
978	142.147675
979	141.118912
980	140.090149
981	139.809769
982	140.762161
983	141.714554
984	142.504715
985	142.13588
986	141.767044
987	141.398209
988	141.577225
989	141.838608
990	142.099991
991	142.010071
992	141.702423
993	141.394775
994	141.194351
995	141.178955
996	141.163574
997	141.133652
998	140.995087
999	140.856522
1000	140.717957
1001	140.99498
1002	141.333862
1003	141.67276
1004	141.65564
1005	141.424454
1006	141.193283
1007	140.921036
1008	140.581818
1009	140.242615
1010	140.039017
1011	140.686905
1012	141.334808
1013	141.982697
1014	141.884033
1015	141.698822
1016	141.513611
1017	141.632462
1018	141.910416
1019	142.188354
1020	142.207794
1021	141.86792
1022	141.528046
1023	141.112198
1024	140.354813
1025	139.597427
1026	138.840042
1027	139.532349
1028	140.305557
1029	141.078766
1030	141.885422
1031	142.70549
1032	143.525543
1033	143.613937
1034	142.917343
1035	142.220749
1036	141.68045
1037	141.602997
1038	141.525558
1039	141.437576
1040	140.926193
1041	140.414825
1042	139.903442
1043	140.035004
1044	140.32959
1045	140.624176
1046	140.838867
1047	140.994003
1048	141.149124
1049	141.190292
1050	141.019562
1051	140.848831
1052	140.670105
1053	140.43718
1054	140.204239
1055	139.971298
1056	140.218231
1057	140.513443
1058	140.80867
1059	140.47049
1060	139.848648
1061	139.226791
1062	139.128784
1063	139.610977
1064	140.093185
1065	140.405487
1066	140.234283
1067	140.06308
1068	139.917694
1069	140.291443
1070	140.665176
1071	141.03891
1072	140.643814
1073	140.098495
1074	139.553177
1075	139.702148
1076	140.263397
1077	140.824631
1078	141.110657
1079	141.017075
1080	140.923492
1081	140.799713
1082	140.565582
1083	140.331467
1084	140.097885
1085	139.910477
1086	139.723083
1087	139.53569
1088	139.462051
1089	139.415176
1090	139.368301
1091	139.817154
1092	140.583282
1093	141.349411
1094	141.65181
1095	141.292007
1096	140.93219
1097	140.579086
1098	140.250366
1099	139.921631
1100	139.609146
1101	140.032043
1102	140.454941
1103	140.877823
1104	140.313095
1105	139.545151
1106	138.777206
1107	138.409805
1108	138.268677
1109	138.127533
1110	138.106583
1111	138.232117
1112	138.357635
1113	138.4832
1114	138.60881
1115	138.734421
1116	138.839966
1117	138.714279
1118	138.588593
1119	138.462906
1120	138.605179
1121	138.778091
1122	138.951019
1123	138.954895
1124	138.891968
1125	138.829056
1126	138.520355
1127	138.0009
1128	137.481445
1129	137.092987
1130	136.935471
1131	136.777969
1132	136.567245
1133	136.125961
1134	135.684662
1135	135.25853
1136	135.826294
1137	136.394073
1138	136.961838
1139	136.916687
1140	136.758865
1141	136.601059
1142	136.282928
1143	135.888138
1144	135.493347
CHECKSUM8