[HEADER]
Format	J&M ASCII Table
Comment	COA_01_P.00039_HAL03-noFilter_UVIR600um2-UV400um0.5_24mm
Date	25/09/2024 11:25:24
Order	Y (evenX)
TechType	UV
NumPoints	841
FirstX	304
LastX	1144
XType	nm
YType	Count
ZType	Idx
NumSubFile	1
Matrix	Z vs X
[LOGIN]
Name=JM
[INSTRUMENT]
Name=TIDAS S
Detector=MMS - ASPEN 97,5 kHz
Diodearray=256 Pixel
Serial#=39059
Calibrated=2016-03-14
Range=303.56-1144.49 [nm] (F0)

SWVersion=v3.22.6 (build 0)
[CONFIG]
ChannelName=Refer
ChannelType=RawData
[PARAMETER]
It=91.00
Aver=20
Norm=0
Range=304.0-1144.0 nm
Scan=Single
[TRIGGER]
Sweep=0
Scan=0
[DIO]
DigOut=0x0000
DigIn=0x0000
[DATA]
	0
304	185.557144
305	184.086151
306	182.615143
307	181.35849
308	181.419128
309	181.479767
310	181.540405
311	181.6138
312	181.689575
313	181.76535
314	182.244003
315	183.062149
316	183.880295
317	184.430206
318	184.142426
319	183.854645
320	183.566879
321	184.091644
322	184.667023
323	185.242401
324	186.224045
325	187.435013
326	188.645981
327	189.31778
328	188.924332
329	188.530884
330	188.191528
331	189.492554
332	190.793579
333	192.094604
334	193.120544
335	194.043106
336	194.965668
337	195.830841
338	196.617065
339	197.40329
340	198.168823
341	198.773437
342	199.378052
343	199.982681
344	201.26915
345	202.719833
346	204.170502
347	205.215424
348	205.84993
349	206.484436
350	207.192505
351	208.219498
352	209.246506
353	210.273499
354	211.353226
355	212.440369
356	213.527496
357	215.160675
358	217.213608
359	219.266556
360	221.074966
361	222.16153
362	223.248108
363	224.334671
364	226.073288
365	227.853622
366	229.633957
367	231.508408
368	233.439102
369	235.369812
370	237.999237
371	242.176407
372	246.353577
373	250.530746
374	259.239014
375	267.968262
376	276.69751
377	291.493988
378	309.159302
379	326.824646
380	348.702026
381	378.011627
382	407.321259
383	437.28241
384	481.500763
385	525.719116
386	569.9375
387	623.768127
388	681.24585
389	738.723511
390	801.586914
391	872.349609
392	943.112305
393	1014.860718
394	1097.200806
395	1179.540894
396	1261.880981
397	1351.661377
398	1443.738159
399	1535.814941
400	1632.85022
401	1736.133423
402	1839.416626
403	1944.305054
404	2060.958496
405	2177.611816
406	2294.265381
407	2422.781006
408	2554.318848
409	2685.856445
410	2826.932861
411	2978.62793
412	3130.322998
413	3285.398437
414	3459.815674
415	3634.23291
416	3808.650146
417	4005.466797
418	4207.077637
419	4408.688477
420	4625.602539
421	4857.943848
422	5090.285645
423	5327.1875
424	5586.102539
425	5845.01709
426	6103.931641
427	6386.527344
428	6673.478027
429	6960.428711
430	7262.004395
431	7577.239258
432	7892.474121
433	8210.0625
434	8537.753906
435	8865.446289
436	9193.138672
437	9522.088867
438	9851.243164
439	10180.398437
440	10509.506836
441	10838.574219
442	11167.641602
443	11496.022461
444	11821.675781
445	12147.328125
446	12472.981445
447	12777.810547
448	13079.545898
449	13381.28125
450	13667.071289
451	13939.264648
452	14211.458008
453	14475.950195
454	14711.173828
455	14946.396484
456	15181.620117
457	15392.513672
458	15599.974609
459	15807.436523
460	16006.289062
461	16197.924805
462	16389.560547
463	16578.007812
464	16754.539062
465	16931.070312
466	17107.601562
467	17283.232422
468	17458.738281
469	17634.244141
470	17813.234375
471	17995.146484
472	18177.058594
473	18362.392578
474	18560.626953
475	18758.861328
476	18957.097656
477	19179.376953
478	19405.095703
479	19630.814453
480	19867.5625
481	20113.714844
482	20359.867187
483	20606.091797
484	20852.591797
485	21099.091797
486	21345.591797
487	21574.041016
488	21799.755859
489	22025.46875
490	22240.431641
491	22445.9375
492	22651.445312
493	22856.871094
494	23061.962891
495	23267.052734
496	23472.144531
497	23706.644531
498	23945.996094
499	24185.349609
500	24445.978516
501	24726.171875
502	25006.363281
503	25295.089844
504	25621.839844
505	25948.591797
506	26275.34375
507	26649.394531
508	27032.101562
509	27414.808594
510	27820.943359
511	28249.863281
512	28678.783203
513	29115.498047
514	29590.734375
515	30065.970703
516	30541.207031
517	31059.119141
518	31585.806641
519	32112.494141
520	32663.873047
521	33240.917969
522	33817.964844
523	34404.191406
524	35042.070312
525	35679.949219
526	36317.828125
527	37008.875
528	37712.289062
529	38415.707031
530	39130.976562
531	39859.535156
532	40588.097656
533	41318.421875
534	42060.429687
535	42802.4375
536	43544.441406
537	44272.660156
538	44997.230469
539	45721.804687
540	46423.28125
541	47096.585937
542	47769.886719
543	48434.242187
544	49026
545	49617.761719
546	50209.519531
547	50749.210937
548	51273.246094
549	51797.277344
550	52294.042969
551	52754.34375
552	53214.644531
553	53671.527344
554	54092.378906
555	54513.230469
556	54934.085937
557	55330.859375
558	55719.402344
559	56107.949219
560	56474.132812
561	56807.316406
562	57140.5
563	57472.058594
564	57779.230469
565	58086.40625
566	58393.578125
567	58676.5
568	58950.03125
569	59223.5625
570	59478.636719
571	59703.488281
572	59928.335937
573	60151.605469
574	60334.109375
575	60516.613281
576	60699.113281
577	60843.433594
578	60971.027344
579	61098.621094
580	61202.546875
581	61263.199219
582	61323.855469
583	61383.917969
584	61393.988281
585	61404.054687
586	61414.125
587	61384.957031
588	61336.4375
589	61287.917969
590	61216.085937
591	61096.441406
592	60976.796875
593	60857.152344
594	60632.285156
595	60405.90625
596	60179.523437
597	59920.320312
598	59642.964844
599	59365.609375
600	59089.363281
601	58815.683594
602	58542.003906
603	58268.324219
604	58092.691406
605	57921.140625
606	57749.585937
607	57628.207031
608	57537.804687
609	57447.402344
610	57374.445312
611	57347.121094
612	57319.800781
613	57292.480469
614	57324.382812
615	57360.414062
616	57396.445312
617	57470.550781
618	57570.761719
619	57670.96875
620	57793.050781
621	57980.128906
622	58167.210937
623	58354.289062
624	58569.886719
625	58788.292969
626	59006.699219
627	59230.796875
628	59459.195312
629	59687.59375
630	59909.664062
631	60110.308594
632	60310.949219
633	60511.59375
634	60648.042969
635	60776.324219
636	60904.605469
637	60976.585937
638	61001.820312
639	61027.058594
640	61023.117187
641	60906.515625
642	60789.910156
643	60673.308594
644	60483.183594
645	60281.613281
646	60080.042969
647	59852.101562
648	59600.300781
649	59348.503906
650	59087.90625
651	58788.578125
652	58489.246094
653	58189.914062
654	57892.050781
655	57594.453125
656	57296.859375
657	56987.867187
658	56667.742187
659	56347.613281
660	56023.753906
661	55681.203125
662	55338.648437
663	54996.097656
664	54715.292969
665	54447.378906
666	54179.464844
667	53960.957031
668	53794.160156
669	53627.363281
670	53467.769531
671	53348.960937
672	53230.152344
673	53111.34375
674	53000.96875
675	52892.546875
676	52784.125
677	52685.761719
678	52598.554687
679	52511.351562
680	52427.550781
681	52365.296875
682	52303.046875
683	52240.792969
684	52198.167969
685	52160.464844
686	52122.765625
687	52082.601562
688	52039.578125
689	51996.554687
690	51953.664062
691	51911.699219
692	51869.734375
693	51827.769531
694	51780.035156
695	51730.765625
696	51681.496094
697	51620.523437
698	51545.476562
699	51470.433594
700	51395.351562
701	51320.015625
702	51244.675781
703	51169.335937
704	51091.125
705	51012.117187
706	50933.113281
707	50854.78125
708	50777.277344
709	50699.773437
710	50624.035156
711	50561.867187
712	50499.695312
713	50437.527344
714	50377.8125
715	50318.785156
716	50259.757812
717	50197.746094
718	50132.0625
719	50066.382812
720	50003.652344
721	49963.484375
722	49923.3125
723	49883.144531
724	49855.859375
725	49832.132812
726	49808.40625
727	49783.765625
728	49758.027344
729	49732.285156
730	49705.285156
731	49669.125
732	49632.960937
733	49596.796875
734	49535.246094
735	49466.949219
736	49398.648437
737	49316.648437
738	49218.558594
739	49120.46875
740	49019.554687
741	48899.792969
742	48780.027344
743	48660.265625
744	48519.617187
745	48373.785156
746	48227.953125
747	48077.195312
748	47920.941406
749	47764.683594
750	47608.277344
751	47450.992187
752	47293.703125
753	47136.414062
754	46972.5625
755	46807.246094
756	46641.929687
757	46474.71875
758	46305.539062
759	46136.359375
760	45968.257812
761	45805.617187
762	45642.976562
763	45480.335937
764	45328.765625
765	45179.316406
766	45029.863281
767	44880.210937
768	44730.363281
769	44580.519531
770	44428.667969
771	44268.277344
772	44107.886719
773	43947.5
774	43768.113281
775	43585.808594
776	43403.503906
777	43203.46875
778	42988.578125
779	42773.6875
780	42550.246094
781	42296.824219
782	42043.402344
783	41789.980469
784	41497.175781
785	41200.019531
786	40902.867187
787	40588.085937
788	40260.535156
789	39932.984375
790	39600
791	39251.554687
792	38903.105469
793	38554.660156
794	38180.847656
795	37805.445312
796	37430.039062
797	37054.769531
798	36679.585937
799	36304.398437
800	35928.515625
801	35551.039062
802	35173.5625
803	34796.085937
804	34425.132812
805	34054.257812
806	33683.386719
807	33320.28125
808	32960.972656
809	32601.662109
810	32245.199219
811	31893.875
812	31542.550781
813	31191.365234
814	30843.382812
815	30495.398437
816	30147.414062
817	29805.423828
818	29465.666016
819	29125.908203
820	28786.654297
821	28448.107422
822	28109.560547
823	27771.171875
824	27434.146484
825	27097.121094
826	26760.097656
827	26426.228516
828	26093.1875
829	25760.146484
830	25422.923828
831	25081.216797
832	24739.507812
833	24397.527344
834	24054.234375
835	23710.943359
836	23367.652344
837	23023.335937
838	22678.861328
839	22334.386719
840	21993.578125
841	21655.685547
842	21317.792969
843	20981.287109
844	20648.925781
845	20316.566406
846	19984.207031
847	19667.789062
848	19352.296875
849	19036.806641
850	18723.193359
851	18410.636719
852	18098.078125
853	17791.216797
854	17495.578125
855	17199.9375
856	16905.107422
857	16633.267578
858	16361.427734
859	16089.587891
860	15831.539062
861	15578.53418
862	15325.529297
863	15077.75293
864	14836.866211
865	14595.979492
866	14357.373047
867	14133.785156
868	13910.197266
869	13686.610352
870	13474.973633
871	13265.730469
872	13056.488281
873	12853.805664
874	12656.813477
875	12459.821289
876	12268.751953
877	12096.548828
878	11924.34668
879	11752.143555
880	11593.517578
881	11435.706055
882	11277.893555
883	11131.459961
884	10991.178711
885	10850.898437
886	10711.707031
887	10574.490234
888	10437.273437
889	10300.141602
890	10164.261719
891	10028.380859
892	9892.500977
893	9758.520508
894	9625.099609
895	9491.679687
896	9360.136719
897	9230.609375
898	9101.082031
899	8971.680664
900	8842.807617
901	8713.93457
902	8585.060547
903	8460.899414
904	8337.229492
905	8213.558594
906	8090.567871
907	7967.995117
908	7845.422852
909	7723.302246
910	7602.084961
911	7480.867187
912	7359.894043
913	7243.61377
914	7127.333984
915	7011.053711
916	6899.212891
917	6788.724609
918	6678.236328
919	6569.101562
920	6461.405273
921	6353.708984
922	6247.010254
923	6144.200195
924	6041.390625
925	5938.581055
926	5833.009766
927	5727.213867
928	5621.417969
929	5507.86084
930	5390.064941
931	5272.269043
932	5147.565918
933	5011.098633
934	4874.631348
935	4737.104004
936	4589.405273
937	4441.706543
938	4294.007812
939	4161.09668
940	4031.427979
941	3901.758789
942	3793.480469
943	3702.899658
944	3612.319092
945	3531.359131
946	3475.690918
947	3420.022705
948	3364.468506
949	3330.298828
950	3296.12915
951	3261.959473
952	3231.745605
953	3202.947998
954	3174.150635
955	3144.679932
956	3114.446289
957	3084.212891
958	3053.427979
959	3020.471191
960	2987.514404
961	2954.557861
962	2921.028076
963	2887.460449
964	2853.892578
965	2820.314697
966	2786.731934
967	2753.14917
968	2719.427734
969	2685.508545
970	2651.589111
971	2617.867187
972	2585.252686
973	2552.637939
974	2520.023437
975	2487.478516
976	2454.941895
977	2422.405273
978	2388.125977
979	2352.841064
980	2317.556152
981	2282.909668
982	2249.314697
983	2215.719482
984	2181.739502
985	2145.009521
986	2108.279541
987	2071.549805
988	2035.40625
989	1999.351074
990	1963.295776
991	1927.259033
992	1891.233643
993	1855.208252
994	1819.605835
995	1784.733154
996	1749.860474
997	1715.140259
998	1681.560547
999	1647.980957
1000	1614.401245
1001	1582.711182
1002	1551.302368
1003	1519.893555
1004	1488.64856
1005	1457.501831
1006	1426.355103
1007	1396.011841
1008	1366.978271
1009	1337.944702
1010	1309.265259
1011	1282.80957
1012	1256.354004
1013	1229.898315
1014	1204.647705
1015	1179.536743
1016	1154.425781
1017	1131.121582
1018	1108.762817
1019	1086.404053
1020	1064.505859
1021	1043.247925
1022	1021.990051
1023	1000.960815
1024	980.959656
1025	960.958435
1026	940.957214
1027	923.539551
1028	906.265991
1029	888.992493
1030	873.225281
1031	858.061768
1032	842.898254
1033	827.27594
1034	811.161316
1035	795.046631
1036	779.504456
1037	765.657532
1038	751.810547
1039	737.983765
1040	724.966858
1041	711.94989
1042	698.932922
1043	686.751526
1044	674.782043
1045	662.8125
1046	651.328064
1047	640.205383
1048	629.082703
1049	618.430237
1050	608.651978
1051	598.873718
1052	589.144592
1053	579.74939
1054	570.354187
1055	560.958984
1056	551.940125
1057	542.959106
1058	533.978088
1059	524.918579
1060	515.823975
1061	506.72934
1062	498.363098
1063	490.803558
1064	483.243988
1065	475.897797
1066	469.158813
1067	462.4198
1068	455.736694
1069	450.177368
1070	444.618011
1071	439.058685
1072	433.457764
1073	427.848724
1074	422.239685
1075	417.508881
1076	413.29953
1077	409.09021
1078	404.480011
1079	399.316925
1080	394.153839
1081	389.13092
1082	384.620209
1083	380.109497
1084	375.605499
1085	371.685822
1086	367.766113
1087	363.846436
1088	360.633209
1089	357.586182
1090	354.539154
1091	352.005768
1092	349.801178
1093	347.596588
1094	345.507477
1095	343.583313
1096	341.659119
1097	339.886627
1098	338.665619
1099	337.444611
1100	336.269958
1101	337.194092
1102	338.118195
1103	339.042297
1104	341.409668
1105	344.073975
1106	346.738281
1107	352.520325
1108	360.063385
1109	367.606476
1110	378.270355
1111	392.738098
1112	407.205841
1113	424.879395
1114	451.477386
1115	478.075409
1116	505.906403
1117	547.948914
1118	589.991394
1119	632.033875
1120	691.71875
1121	753.422058
1122	815.125427
1123	887.704956
1124	964.581604
1125	1041.458252
1126	1119.582275
1127	1198.775879
1128	1277.969604
1129	1351.993164
1130	1416.902222
1131	1481.811401
1132	1541.600952
1133	1579.205444
1134	1616.810059
1135	1654.114258
1136	1671.71521
1137	1689.316162
1138	1706.917114
1139	1715.595703
1140	1722.634399
1141	1729.673096
1142	1738.808594
1143	1748.946777
1144	1759.084961
CHECKSUM´R