[HEADER]
Format	J&M ASCII Table
Comment	COA_01_P.00039_HAL03-noFilter_UVIR600um2-UV400um0.5_24mm
Date	25/09/2024 12:19:22
Order	Y (evenX)
TechType	UV
NumPoints	841
FirstX	304
LastX	1144
XType	nm
YType	Count
ZType	Idx
NumSubFile	1
Matrix	Z vs X
[LOGIN]
Name=JM
[INSTRUMENT]
Name=TIDAS S
Detector=MMS - ASPEN 97,5 kHz
Diodearray=256 Pixel
Serial#=39059
Calibrated=2016-03-14
Range=303.56-1144.49 [nm] (F0)

SWVersion=v3.22.6 (build 0)
[CONFIG]
ChannelName=Refer
ChannelType=RawData
[PARAMETER]
It=91.00
Aver=20
Norm=0
Range=304.0-1144.0 nm
Scan=Single
[TRIGGER]
Sweep=0
Scan=0
[DIO]
DigOut=0x0000
DigIn=0x0000
[DATA]
	0
304	183.590286
305	182.195099
306	180.799927
307	179.623352
308	179.7901
309	179.956863
310	180.123611
311	180.328613
312	180.540787
313	180.752975
314	181.302231
315	182.135529
316	182.968826
317	183.6147
318	183.675278
319	183.73587
320	183.796448
321	184.384415
322	185.005219
323	185.626022
324	186.49826
325	187.512451
326	188.526642
327	189.016922
328	188.472153
329	187.927383
330	187.442978
331	188.789383
332	190.135803
333	191.482208
334	192.146805
335	192.555145
336	192.963486
337	193.64537
338	194.703735
339	195.7621
340	196.765381
341	197.339767
342	197.914154
343	198.488541
344	199.793518
345	201.274414
346	202.75531
347	203.875519
348	204.630875
349	205.38623
350	206.232132
351	207.470581
352	208.70903
353	209.947464
354	210.960556
355	211.942001
356	212.923447
357	214.468002
358	216.445465
359	218.422928
360	220.190231
361	221.337173
362	222.4841
363	223.631042
364	225.203125
365	226.802414
366	228.401688
367	230.293365
368	232.359833
369	234.426285
370	237.172699
371	241.425262
372	245.677841
373	249.930405
374	258.218811
375	266.52594
376	274.833038
377	289.350708
378	306.805023
379	324.259338
380	345.854828
381	374.757568
382	403.660339
383	433.2258
384	477.293518
385	521.361206
386	565.428955
387	618.67218
388	675.396729
389	732.121277
390	794.115601
391	863.839233
392	933.562866
393	1004.278687
394	1085.655151
395	1167.031616
396	1248.408203
397	1337.38623
398	1428.710327
399	1520.034424
400	1616.144043
401	1718.283569
402	1820.422974
403	1924.111694
404	2039.155273
405	2154.19873
406	2269.242432
407	2396.292236
408	2526.400879
409	2656.509521
410	2796.199463
411	2946.555908
412	3096.912354
413	3250.439209
414	3422.104492
415	3593.77002
416	3765.435303
417	3960.454102
418	4160.471191
419	4360.488281
420	4575.359863
421	4805.206543
422	5035.052734
423	5269.496094
424	5526.125977
425	5782.756348
426	6039.386719
427	6318.606934
428	6601.981445
429	6885.355957
430	7183.658691
431	7495.903809
432	7808.148926
433	8122.557129
434	8446.253906
435	8769.950195
436	9093.647461
437	9418.795898
438	9744.181641
439	10069.566406
440	10394.945312
441	10720.319336
442	11045.693359
443	11370.356445
444	11692.196289
445	12014.035156
446	12335.875
447	12637.439453
448	12935.993164
449	13234.545898
450	13516.342773
451	13783.854492
452	14051.365234
453	14311.6875
454	14544.69043
455	14777.692383
456	15010.694336
457	15219.143555
458	15424.129883
459	15629.115234
460	15825.435547
461	16014.491211
462	16203.546875
463	16389.744141
464	16565.253906
465	16740.765625
466	16916.277344
467	17091.019531
468	17265.654297
469	17440.289062
470	17617.732422
471	17797.53125
472	17977.330078
473	18160.611328
474	18357.03125
475	18553.453125
476	18749.873047
477	18971.166016
478	19196.015625
479	19420.865234
480	19656.332031
481	19900.849609
482	20145.367187
483	20389.941406
484	20634.732422
485	20879.523437
486	21124.316406
487	21351.435547
488	21575.875
489	21800.314453
490	22013.765625
491	22217.548828
492	22421.332031
493	22625.125
494	22828.957031
495	23032.791016
496	23236.625
497	23469.363281
498	23706.873047
499	23944.382812
500	24202.990234
501	24480.996094
502	24759
503	25045.515625
504	25369.943359
505	25694.373047
506	26018.802734
507	26389.59375
508	26768.873047
509	27148.150391
510	27551.333984
511	27977.767578
512	28404.199219
513	28838.339844
514	29310.550781
515	29782.761719
516	30254.972656
517	30768.382812
518	31290.263672
519	31812.144531
520	32360.001953
521	32934.863281
522	33509.726562
523	34093.417969
524	34726.804687
525	35360.191406
526	35993.578125
527	36679.753906
528	37378.214844
529	38076.675781
530	38787.148437
531	39511.101562
532	40235.050781
533	40960.558594
534	41696.367187
535	42432.179687
536	43167.988281
537	43891.726562
538	44612.273437
539	45332.816406
540	46030.09375
541	46698.980469
542	47367.867187
543	48027.8125
544	48615.21875
545	49202.625
546	49790.027344
547	50322.910156
548	50839.402344
549	51355.890625
550	51846.722656
551	52303.234375
552	52759.75
553	53212.886719
554	53630.417969
555	54047.949219
556	54465.480469
557	54859.535156
558	55245.566406
559	55631.597656
560	55996.011719
561	56328.519531
562	56661.03125
563	56991.75
564	57295.523437
565	57599.300781
566	57903.074219
567	58182.019531
568	58451.34375
569	58720.671875
570	58971.328125
571	59191.40625
572	59411.480469
573	59630.109375
574	59811.308594
575	59992.511719
576	60173.710937
577	60315.988281
578	60441.21875
579	60566.445312
580	60668.84375
581	60729.5
582	60790.152344
583	60850.242187
584	60862.210937
585	60874.179687
586	60886.148437
587	60860.214844
588	60815.582031
589	60770.953125
590	60702.105469
591	60583.597656
592	60465.089844
593	60346.582031
594	60121.707031
595	59895.296875
596	59668.882812
597	59410.925781
598	59135.515625
599	58860.105469
600	58585.921875
601	58314.574219
602	58043.226562
603	57771.882812
604	57597.925781
605	57428.015625
606	57258.105469
607	57137.699219
608	57047.847656
609	56958
610	56886.425781
611	56862.648437
612	56838.875
613	56815.097656
614	56852.464844
615	56894.089844
616	56935.71875
617	57013.5
618	57116.074219
619	57218.648437
620	57341.839844
621	57526.300781
622	57710.761719
623	57895.222656
624	58109.128906
625	58325.933594
626	58542.738281
627	58762.546875
628	58984.632812
629	59206.71875
630	59422.386719
631	59616.339844
632	59810.292969
633	60004.25
634	60133.316406
635	60254.128906
636	60374.941406
637	60440.765625
638	60460.925781
639	60481.085937
640	60473.898437
641	60361.097656
642	60248.296875
643	60135.496094
644	59950.414062
645	59754.085937
646	59557.753906
647	59334.234375
648	59086.117187
649	58838
650	58580.671875
651	58282.761719
652	57984.855469
653	57686.945312
654	57388.363281
655	57089.660156
656	56790.957031
657	56481.441406
658	56161.359375
659	55841.277344
660	55518.484375
661	55182.132812
662	54845.78125
663	54509.429687
664	54233.746094
665	53970.730469
666	53707.710937
667	53492.867187
668	53328.453125
669	53164.039062
670	53006.984375
671	52891.605469
672	52776.226562
673	52660.84375
674	52555.433594
675	52452.328125
676	52349.226562
677	52255.328125
678	52171.644531
679	52087.957031
680	52007.40625
681	51946.667969
682	51885.929687
683	51825.1875
684	51782.148437
685	51743.546875
686	51704.949219
687	51663.164062
688	51617.683594
689	51572.203125
690	51526.339844
691	51477.855469
692	51429.371094
693	51380.886719
694	51331.285156
695	51281.386719
696	51231.488281
697	51169.96875
698	51094.472656
699	51018.976562
700	50943.667969
701	50869.722656
702	50795.78125
703	50721.835937
704	50645.535156
705	50568.582031
706	50491.628906
707	50415.910156
708	50341.707031
709	50267.503906
710	50194.597656
711	50131.628906
712	50068.664062
713	50005.699219
714	49945.871094
715	49886.917969
716	49827.964844
717	49764.972656
718	49697.011719
719	49629.046875
720	49564.027344
721	49521.503906
722	49478.980469
723	49436.457031
724	49408.566406
725	49384.71875
726	49360.871094
727	49336.324219
728	49310.929687
729	49285.53125
730	49258.820312
731	49222.523437
732	49186.226562
733	49149.925781
734	49089.558594
735	49022.789062
736	48956.019531
737	48875.007812
738	48777.265625
739	48679.519531
740	48579.179687
741	48461.503906
742	48343.828125
743	48226.148437
744	48086.039062
745	47940.355469
746	47794.675781
747	47645.082031
748	47491.125
749	47337.167969
750	47183.214844
751	47029.292969
752	46875.371094
753	46721.449219
754	46561.015625
755	46399.125
756	46237.238281
757	46072.730469
758	45905.503906
759	45738.277344
760	45572.363281
761	45413.074219
762	45253.785156
763	45094.496094
764	44947.023437
765	44801.816406
766	44656.605469
767	44509.1875
768	44359.6875
769	44210.1875
770	44058.894531
771	43899.964844
772	43741.035156
773	43582.105469
774	43403.097656
775	43221.003906
776	43038.910156
777	42838.578125
778	42622.964844
779	42407.351562
780	42183.710937
781	41931.929687
782	41680.148437
783	41428.371094
784	41137.839844
785	40843.035156
786	40548.230469
787	40235.832031
788	39910.691406
789	39585.550781
790	39255.628906
791	38912.109375
792	38568.589844
793	38225.066406
794	37852.722656
795	37478.570312
796	37104.414062
797	36732.125
798	36360.960937
799	35989.800781
800	35617.117187
801	35240.96875
802	34864.820312
803	34488.671875
804	34119.519531
805	33750.457031
806	33381.394531
807	33021.03125
808	32664.917969
809	32308.806641
810	31955.746094
811	31608.191406
812	31260.636719
813	30913.111328
814	30566.199219
815	30219.285156
816	29872.373047
817	29532.949219
818	29196.314453
819	28859.681641
820	28523.646484
821	28188.451172
822	27853.255859
823	27518.228516
824	27184.648437
825	26851.066406
826	26517.484375
827	26186.533203
828	25856.271484
829	25526.007812
830	25191.273437
831	24851.742187
832	24512.208984
833	24172.460937
834	23831.677734
835	23490.896484
836	23150.113281
837	22807.863281
838	22465.382812
839	22122.904297
840	21784.099609
841	21448.21875
842	21112.335937
843	20778.039062
844	20448.476562
845	20118.916016
846	19789.353516
847	19476.693359
848	19165.013672
849	18853.335937
850	18542.732422
851	18232.732422
852	17922.732422
853	17618.576172
854	17325.933594
855	17033.292969
856	16741.425781
857	16471.601562
858	16201.774414
859	15931.949219
860	15676.314453
861	15425.869141
862	15175.423828
863	14929.861328
864	14690.732422
865	14451.603516
866	14214.942383
867	13994.538086
868	13774.133789
869	13553.729492
870	13344.771484
871	13138.106445
872	12931.441406
873	12731.385742
874	12537.0625
875	12342.739258
876	12154.201172
877	11984.092773
878	11813.983398
879	11643.875
880	11487.514648
881	11331.979492
882	11176.444336
883	11031.775391
884	10892.982422
885	10754.189453
886	10616.480469
887	10480.737305
888	10344.993164
889	10209.324219
890	10074.75
891	9940.176758
892	9805.603516
893	9672.566406
894	9539.981445
895	9407.397461
896	9276.646484
897	9147.863281
898	9019.081055
899	8890.548828
900	8763.05957
901	8635.569336
902	8508.080078
903	8384.696289
904	8261.741211
905	8138.786133
906	8016.60498
907	7894.899902
908	7773.194824
909	7651.931641
910	7531.551758
911	7411.171387
912	7290.998535
913	7174.810059
914	7058.621094
915	6942.432129
916	6831.710449
917	6722.654785
918	6613.598633
919	6505.910645
920	6399.677734
921	6293.444336
922	6188.118652
923	6086.330566
924	5984.54248
925	5882.753906
926	5778.275391
927	5673.577637
928	5568.880371
929	5456.618652
930	5340.226562
931	5223.834473
932	5100.134766
933	4963.987793
934	4827.841309
935	4690.78125
936	4544.960937
937	4399.140625
938	4253.319824
939	4121.736816
940	3993.274414
941	3864.812256
942	3757.42334
943	3667.469238
944	3577.515137
945	3497.258057
946	3442.491699
947	3387.725342
948	3333.072021
949	3299.560059
950	3266.048096
951	3232.536133
952	3202.743408
953	3174.282471
954	3145.821533
955	3116.558594
956	3086.38623
957	3056.213867
958	3025.617187
959	2993.349854
960	2961.082275
961	2928.814697
962	2895.328125
963	2861.760498
964	2828.192627
965	2794.377197
966	2760.441895
967	2726.506592
968	2692.653564
969	2658.918213
970	2625.183105
971	2591.7146
972	2559.744385
973	2527.77417
974	2495.803955
975	2463.492676
976	2431.140381
977	2398.787842
978	2364.702637
979	2329.617187
980	2294.531982
981	2259.998047
982	2226.37207
983	2192.746338
984	2158.816895
985	2122.717041
986	2086.617187
987	2050.517334
988	2014.950928
989	1979.464478
990	1943.978149
991	1908.234985
992	1872.332642
993	1836.430298
994	1801.109009
995	1766.790405
996	1732.471802
997	1698.296509
998	1665.194092
999	1632.091675
1000	1598.989258
1001	1567.294067
1002	1535.80835
1003	1504.32251
1004	1473.606689
1005	1443.353882
1006	1413.101074
1007	1383.417236
1008	1354.661255
1009	1325.905273
1010	1297.490601
1011	1271.220093
1012	1244.949585
1013	1218.678955
1014	1193.724243
1015	1168.921997
1016	1144.119751
1017	1120.82019
1018	1098.307007
1019	1075.793701
1020	1054.161255
1021	1033.753174
1022	1013.344971
1023	993.027771
1024	973.119263
1025	953.210754
1026	933.302307
1027	916.255676
1028	899.368835
1029	882.481934
1030	866.615417
1031	851.157959
1032	835.700439
1033	820.157471
1034	804.522705
1035	788.887939
1036	773.653625
1037	759.605347
1038	745.557007
1039	731.534119
1040	718.532715
1041	705.53125
1042	692.529846
1043	680.549438
1044	668.828003
1045	657.106506
1046	645.896912
1047	635.06897
1048	624.241089
1049	613.731384
1050	603.813477
1051	593.895508
1052	584.048645
1053	574.684448
1054	565.320312
1055	555.956177
1056	547.095398
1057	538.285278
1058	529.47522
1059	520.393433
1060	511.189972
1061	501.986511
1062	493.799255
1063	486.737457
1064	479.675659
1065	472.730194
1066	466.115692
1067	459.501221
1068	452.920471
1069	447.018555
1070	441.116608
1071	435.214691
1072	429.831482
1073	424.549622
1074	419.267792
1075	414.50238
1076	410.043579
1077	405.584808
1078	400.941467
1079	396.043549
1080	391.14563
1081	386.475098
1082	382.635529
1083	378.795959
1084	374.950348
1085	370.577789
1086	366.205231
1087	361.832672
1088	358.533203
1089	355.486176
1090	352.439148
1091	349.886719
1092	347.650848
1093	345.414978
1094	343.255951
1095	341.206635
1096	339.157288
1097	337.371033
1098	336.541382
1099	335.711731
1100	334.915558
1101	335.636047
1102	336.356567
1103	337.077057
1104	339.734589
1105	342.790741
1106	345.846863
1107	351.690155
1108	359.107758
1109	366.525391
1110	377.205231
1111	391.861267
1112	406.517303
1113	424.275421
1114	450.669342
1115	477.063232
1116	504.726501
1117	547.020325
1118	589.314209
1119	631.608093
1120	691.530396
1121	753.469543
1122	815.40863
1123	887.784363
1124	964.283508
1125	1040.782593
1126	1118.147583
1127	1196.255127
1128	1274.362549
1129	1347.151489
1130	1410.564331
1131	1473.977051
1132	1532.361694
1133	1568.957642
1134	1605.553589
1135	1641.854004
1136	1658.776855
1137	1675.699585
1138	1692.622314
1139	1701.195801
1140	1708.234497
1141	1715.273071
1142	1724.291138
1143	1734.255493
1144	1744.219971
CHECKSUM/