[HEADER]
Format	J&M ASCII Table
Comment	COA_01_P.00039_HAL03-noFilter_UVIR600um2-UV400um0.5_24mm
Date	25/09/2024 11:25:20
Order	Y (evenX)
TechType	UV
NumPoints	841
FirstX	304
LastX	1144
XType	nm
YType	Count
ZType	Idx
NumSubFile	1
Matrix	Z vs X
[LOGIN]
Name=JM
[INSTRUMENT]
Name=TIDAS S
Detector=MMS - ASPEN 97,5 kHz
Diodearray=256 Pixel
Serial#=39059
Calibrated=2016-03-14
Range=303.56-1144.49 [nm] (F0)

SWVersion=v3.22.6 (build 0)
[CONFIG]
ChannelName=Dark
ChannelType=RawData
[PARAMETER]
It=91.00
Aver=20
Norm=0
Range=304.0-1144.0 nm
Scan=Single
[TRIGGER]
Sweep=0
Scan=0
[DIO]
DigOut=0x0000
DigIn=0x0000
[DATA]
	0
304	136.916794
305	135.582275
306	134.247757
307	133.061813
308	132.788925
309	132.516052
310	132.243164
311	132.442398
312	132.730362
313	133.018311
314	133.593994
315	134.412155
316	135.230301
317	135.67366
318	134.946655
319	134.219635
320	133.492615
321	133.849106
322	134.273071
323	134.697037
324	135.353134
325	136.140259
326	136.927383
327	137.119446
328	136.135834
329	135.152206
330	134.223175
331	134.949341
332	135.675491
333	136.401642
334	136.698944
335	136.835052
336	136.971161
337	137.056366
338	137.071487
339	137.086609
340	137.072479
341	136.830627
342	136.588776
343	136.346939
344	136.823685
345	137.473465
346	138.123245
347	138.457504
348	138.47261
349	138.487717
350	138.477356
351	138.356537
352	138.235703
353	138.114883
354	137.808746
355	137.476562
356	137.144379
357	137.554733
358	138.535919
359	139.517105
360	140.139252
361	139.701599
362	139.263962
363	138.826309
364	138.85672
365	138.917068
366	138.977417
367	138.886719
368	138.705704
369	138.524704
370	138.526642
371	138.933792
372	139.340958
373	139.748123
374	139.614944
375	139.479248
376	139.343567
377	139.494446
378	139.780823
379	140.067215
380	140.157333
381	139.901154
382	139.644974
383	139.401306
384	139.431442
385	139.461578
386	139.491714
387	139.565521
388	139.655884
389	139.746262
390	139.732849
391	139.5672
392	139.40155
393	139.285889
394	139.707458
395	140.129013
396	140.550568
397	140.811035
398	141.021774
399	141.232513
400	141.409943
401	141.54538
402	141.680817
403	141.86142
404	142.372986
405	142.884567
406	143.396133
407	143.164307
408	142.743103
409	142.321899
410	142.285049
411	142.676086
412	143.067123
413	143.317215
414	142.760849
415	142.204468
416	141.648087
417	142.40448
418	143.441849
419	144.479233
420	145.179657
421	145.540405
422	145.901154
423	146.305756
424	146.921936
425	147.538101
426	148.154282
427	149.9888
428	152.047348
429	154.105911
430	159.007523
431	166.564255
432	174.120987
433	180.965164
434	184.750381
435	188.535599
436	192.320831
437	189.865784
438	186.396576
439	182.927368
440	178.214828
441	172.403778
442	166.592743
443	161.771912
444	160.886124
445	160.000351
446	159.114563
447	159.235245
448	159.505447
449	159.775635
450	159.859482
451	159.784439
452	159.709396
453	159.587479
454	159.287354
455	158.987228
456	158.687103
457	158.728897
458	158.818909
459	158.908936
460	158.770477
461	158.44043
462	158.110382
463	157.856339
464	157.886337
465	157.916336
466	157.94632
467	157.476135
468	156.936203
469	156.396286
470	156.190765
471	156.265747
472	156.340729
473	156.302582
474	155.837784
475	155.372971
476	154.908157
477	156.410828
478	158.19487
479	159.978928
480	162.29686
481	165.070023
482	167.843185
483	171.081558
484	176.13266
485	181.183746
486	186.234848
487	188.539658
488	190.427963
489	192.316284
490	192.275208
491	190.536942
492	188.79866
493	186.624252
494	182.653656
495	178.68306
496	174.712479
497	171.680954
498	168.804413
499	165.927872
500	162.918823
501	159.787933
502	156.657043
503	153.990189
504	153.391022
505	152.79187
506	152.192703
507	151.770844
508	151.381424
509	150.992004
510	150.663345
511	150.393768
512	150.124191
513	149.84201
514	149.497589
515	149.153168
516	148.808731
517	149.147446
518	149.626617
519	150.105774
520	150.151794
521	149.747528
522	149.343262
523	149.063248
524	149.482452
525	149.901657
526	150.320862
527	151.590164
528	153.057297
529	154.524429
530	156.414886
531	158.780045
532	161.145203
533	164.889267
534	177.762238
535	190.635208
536	203.508179
537	227.816391
538	255.14801
539	282.479614
540	309.27774
541	335.424988
542	361.572205
543	384.96991
544	386.062439
545	387.154938
546	388.247467
547	370.803131
548	347.786102
549	324.769043
550	301.31076
551	277.262421
552	253.214081
553	230.004929
554	215.639297
555	201.273666
556	186.908051
557	178.766357
558	172.750977
559	166.73558
560	162.092285
561	159.47374
562	156.855194
563	154.365463
564	153.811844
565	153.258209
566	152.70459
567	152.916672
568	153.4254
569	153.934128
570	155.083771
571	157.283188
572	159.482605
573	161.755112
574	165.914474
575	170.073837
576	174.2332
577	179.890869
578	186.204727
579	192.518585
580	198.044189
581	202.128662
582	206.213135
583	210.267792
584	211.793839
585	213.31987
586	214.845917
587	213.606628
588	211.003342
589	208.40004
590	205.154373
591	200.591217
592	196.028046
593	191.46489
594	187.373596
595	183.289124
596	179.204651
597	176.632568
598	174.897034
599	173.161499
600	172.442413
601	174.073242
602	175.704071
603	177.3349
604	190.055359
605	203.236893
606	216.418427
607	230.275421
608	244.549438
609	258.823456
610	269.803772
611	272.167877
612	274.531952
613	276.896027
614	270.503418
615	263.500824
616	256.49823
617	248.17276
618	238.940369
619	229.707962
620	220.837158
621	213.040955
622	205.244736
623	197.448532
624	193.316833
625	189.545792
626	185.774734
627	182.770157
628	180.345779
629	177.921402
630	175.575531
631	173.495316
632	171.4151
633	169.3349
634	166.603989
635	163.790253
636	160.976517
637	158.816879
638	157.200424
639	155.583969
640	153.989044
641	152.477249
642	150.965439
643	149.453644
644	149.534958
645	149.864273
646	150.193588
647	150.63295
648	151.171875
649	151.7108
650	152.149994
651	152.149994
652	152.149994
653	152.149994
654	151.453949
655	150.630493
656	149.807053
657	149.240997
658	148.926559
659	148.612122
660	148.28273
661	147.878433
662	147.474121
663	147.069809
664	146.690247
665	146.315857
666	145.941467
667	145.486572
668	144.947403
669	144.408234
670	144.003952
671	144.363434
672	144.722916
673	145.082397
674	145.125671
675	145.095718
676	145.065765
677	145.184937
678	145.469574
679	145.754227
680	146.034775
681	146.289474
682	146.544189
683	146.798889
684	146.323013
685	145.663696
686	145.004395
687	144.753952
688	144.978745
689	145.203522
690	145.377335
691	145.197495
692	145.017639
693	144.837799
694	144.646088
695	144.451233
696	144.256363
697	144.46994
698	145.17453
699	145.879105
700	146.510681
701	146.600647
702	146.690598
703	146.780548
704	147.963547
705	149.448013
706	150.93248
707	151.864548
708	152.119492
709	152.374435
710	152.484207
711	151.479294
712	150.47438
713	149.469452
714	148.394089
715	147.299057
716	146.20401
717	145.606735
718	145.621735
719	145.636734
720	145.518021
721	144.37764
722	143.237274
723	142.096893
724	141.97934
725	142.144424
726	142.309509
727	142.522064
728	142.792236
729	143.062408
730	143.278275
731	143.098129
732	142.917984
733	142.737839
734	142.889755
735	143.12999
736	143.370224
737	143.306671
738	142.8862
739	142.465729
740	142.137161
741	142.422531
742	142.707886
743	142.993256
744	143.170349
745	143.320572
746	143.470779
747	143.493195
748	143.372986
749	143.252792
750	143.169571
751	143.304825
752	143.440063
753	143.575317
754	144.496902
755	145.594101
756	146.691284
757	147.463959
758	147.899902
759	148.335861
760	148.610825
761	148.06955
762	147.528259
763	146.986984
764	146.622314
765	146.291473
766	145.960632
767	145.157715
768	143.909256
769	142.660782
770	141.844742
771	142.867767
772	143.890793
773	144.913818
774	144.632568
775	144.151047
776	143.66951
777	143.359909
778	143.194351
779	143.028793
780	142.876602
781	142.771225
782	142.665848
783	142.560471
784	142.780533
785	143.036499
786	143.29248
787	143.408722
788	143.423798
789	143.438858
790	143.422577
791	143.317139
792	143.211685
793	143.106247
794	142.660538
795	142.193451
796	141.726364
797	141.7939
798	142.185745
799	142.577576
800	142.804062
801	142.65332
802	142.502579
803	142.351837
804	143.899063
805	145.467178
806	147.035278
807	147.945129
808	148.53331
809	149.121506
810	149.559158
811	149.725098
812	149.891037
813	150.004944
814	148.933624
815	147.862305
816	146.790985
817	146.159195
818	145.691315
819	145.223434
820	145.100571
821	145.462891
822	145.825226
823	146.164078
824	146.299988
825	146.435898
826	146.571823
827	146.504227
828	146.383392
829	146.262543
830	145.879318
831	145.214523
832	144.549728
833	144.005234
834	144.035461
835	144.065689
836	144.095917
837	143.956223
838	143.789932
839	143.623642
840	143.271957
841	142.772934
842	142.273926
843	141.907578
844	141.937836
845	141.968079
846	141.998337
847	141.728317
848	141.440857
849	141.153381
850	141.272919
851	141.621002
852	141.969101
853	142.133743
854	141.936935
855	141.740128
856	141.568024
857	142.098038
858	142.628067
859	143.158081
860	143.632767
861	144.087219
862	144.541656
863	144.446915
864	143.628647
865	142.810394
866	142.054047
867	141.705414
868	141.356796
869	141.008179
870	141.467926
871	142.089584
872	142.711258
873	143.203064
874	143.582245
875	143.961426
876	144.300751
877	144.513168
878	144.725571
879	144.937973
880	144.148163
881	143.298248
882	142.448334
883	142.603226
884	143.30159
885	143.999969
886	144.27179
887	143.770599
888	143.269424
889	142.811554
890	142.993851
891	143.176163
892	143.358475
893	143.517349
894	143.669327
895	143.821304
896	143.724045
897	143.359177
898	142.994308
899	142.579437
900	141.955902
901	141.332367
902	140.708832
903	140.994446
904	141.374786
905	141.755112
906	141.85289
907	141.776794
908	141.700699
909	141.782074
910	142.177917
911	142.573746
912	142.94397
913	142.822128
914	142.700287
915	142.578461
916	142.456573
917	142.334686
918	142.212799
919	142.260803
920	142.489426
921	142.718048
922	142.881317
923	142.789841
924	142.698364
925	142.606888
926	142.360199
927	142.100891
928	141.841583
929	141.927643
930	142.202301
931	142.476944
932	142.644348
933	142.629089
934	142.613831
935	142.566849
936	142.215607
937	141.86438
938	141.513153
939	141.838425
940	142.311996
941	142.785583
942	142.68219
943	142.101456
944	141.520706
945	140.990463
946	140.592941
947	140.195419
948	139.805206
949	140.784103
950	141.763
951	142.741898
952	142.808456
953	142.548325
954	142.288208
955	142.071075
956	141.902695
957	141.734299
958	141.624817
959	141.74733
960	141.869843
961	141.992355
962	141.885086
963	141.762527
964	141.639954
965	141.569016
966	141.523026
967	141.477036
968	141.336304
969	141.060287
970	140.784271
971	140.550003
972	140.550003
973	140.550003
974	140.550003
975	141.029129
976	141.566299
977	142.103455
978	141.813187
979	141.045456
980	140.277725
981	140.113342
982	140.942856
983	141.772354
984	142.505661
985	142.551758
986	142.59787
987	142.643967
988	142.516327
989	142.362579
990	142.208832
991	142.045532
992	141.876328
993	141.707138
994	141.566132
995	141.473785
996	141.381454
997	141.287292
998	141.17952
999	141.071747
1000	140.963959
1001	141.097488
1002	141.266937
1003	141.436371
1004	141.5
1005	141.5
1006	141.5
1007	141.265518
1008	140.648773
1009	140.032013
1010	139.584778
1011	140.201813
1012	140.818863
1013	141.435898
1014	141.375519
1015	141.236618
1016	141.097717
1017	141.364258
1018	141.842926
1019	142.321609
1020	142.464264
1021	142.139832
1022	141.815399
1023	141.386887
1024	140.490387
1025	139.593887
1026	138.697372
1027	139.353043
1028	140.095322
1029	140.837616
1030	141.613327
1031	142.402451
1032	143.191574
1033	143.3461
1034	142.819778
1035	142.293457
1036	141.864807
1037	141.725403
1038	141.586014
1039	141.441711
1040	141.1008
1041	140.759888
1042	140.418961
1043	140.560272
1044	140.823837
1045	141.087418
1046	141.244431
1047	141.321991
1048	141.399567
1049	141.47171
1050	141.533798
1051	141.595871
1052	141.671906
1053	141.842728
1054	142.01355
1055	142.184372
1056	142.242355
1057	142.288971
1058	142.335587
1059	141.748703
1060	140.878113
1061	140.007507
1062	139.594284
1063	139.687622
1064	139.780945
1065	139.829773
1066	139.751953
1067	139.674133
1068	139.609589
1069	139.812027
1070	140.014465
1071	140.216904
1072	140.276062
1073	140.307236
1074	140.338394
1075	140.584778
1076	140.958939
1077	141.333099
1078	141.438553
1079	141.17337
1080	140.908203
1081	140.753647
1082	141.003372
1083	141.253113
1084	141.491318
1085	140.72612
1086	139.960922
1087	139.195724
1088	138.974106
1089	138.880341
1090	138.786591
1091	139.140869
1092	139.781921
1093	140.422974
1094	140.716248
1095	140.512863
1096	140.309494
1097	140.09935
1098	139.864532
1099	139.62973
1100	139.40947
1101	139.848038
1102	140.286591
1103	140.725159
1104	140.55304
1105	140.255264
1106	139.957489
1107	139.649582
1108	139.335937
1109	139.022293
1110	138.96315
1111	139.214218
1112	139.465286
1113	139.658295
1114	139.689697
1115	139.7211
1116	139.716141
1117	139.291931
1118	138.867737
1119	138.443542
1120	138.950165
1121	139.563263
1122	140.176376
1123	140.068115
1124	139.674835
1125	139.28157
1126	138.837311
1127	138.349335
1128	137.861359
1129	137.492996
1130	137.33548
1131	137.177979
1132	136.970215
1133	136.544678
1134	136.119141
1135	135.7052
1136	136.052185
1137	136.399155
1138	136.746124
1139	136.733353
1140	136.654434
1141	136.575531
1142	136.261551
1143	135.83519
1144	135.408813
CHECKSUMÓY