[HEADER]
Format	J&M ASCII Table
Comment	COA_01_P.00039_HAL03-noFilter_UVIR600um2-UV400um0.5_24mm
Date	25/09/2024 11:52:54
Order	Y (evenX)
TechType	UV
NumPoints	841
FirstX	304
LastX	1144
XType	nm
YType	Count
ZType	Idx
NumSubFile	1
Matrix	Z vs X
[LOGIN]
Name=JM
[INSTRUMENT]
Name=TIDAS S
Detector=MMS - ASPEN 97,5 kHz
Diodearray=256 Pixel
Serial#=39059
Calibrated=2016-03-14
Range=303.56-1144.49 [nm] (F0)

SWVersion=v3.22.6 (build 0)
[CONFIG]
ChannelName=Refer
ChannelType=RawData
[PARAMETER]
It=91.00
Aver=20
Norm=0
Range=304.0-1144.0 nm
Scan=Single
[TRIGGER]
Sweep=0
Scan=0
[DIO]
DigOut=0x0000
DigIn=0x0000
[DATA]
	0
304	184.140884
305	182.518219
306	180.895569
307	179.544556
308	179.862915
309	180.18129
310	180.499649
311	180.881714
312	181.275757
313	181.669815
314	182.310455
315	183.15889
316	184.007339
317	184.627945
318	184.537079
319	184.446213
320	184.355331
321	184.934402
322	185.555206
323	186.17601
324	186.990204
325	187.913574
326	188.836929
327	189.33812
328	189.005203
329	188.672287
330	188.384781
331	189.473999
332	190.563232
333	191.652466
334	192.411682
335	193.04689
336	193.682098
337	194.50174
338	195.575226
339	196.648712
340	197.660233
341	198.18927
342	198.718307
343	199.247345
344	200.567871
345	202.078995
346	203.590118
347	204.597839
348	205.096375
349	205.59491
350	206.209488
351	207.327103
352	208.444717
353	209.562347
354	210.587036
355	211.598679
356	212.610306
357	214.372818
358	216.71257
359	219.052322
360	221.013855
361	221.858978
362	222.704086
363	223.549194
364	225.301666
365	227.112167
366	228.922668
367	230.968903
368	233.156021
369	235.343155
370	237.999161
371	241.693771
372	245.388367
373	249.082977
374	257.909088
375	266.758942
376	275.608795
377	290.433746
378	308.084015
379	325.734283
380	347.476654
381	376.439667
382	405.40271
383	435.035706
384	479.329376
385	523.623108
386	567.916748
387	622.128479
388	680.10321
389	738.077942
390	801.1026
391	871.533997
392	941.965393
393	1013.424866
394	1095.930542
395	1178.436279
396	1260.941895
397	1350.795898
398	1442.917847
399	1535.039673
400	1631.933716
401	1734.840698
402	1837.747681
403	1942.369995
404	2059.565186
405	2176.760254
406	2293.955566
407	2422.221436
408	2553.307861
409	2684.394287
410	2825.23999
411	2976.950195
412	3128.6604
413	3283.708496
414	3457.85498
415	3632.001465
416	3806.147949
417	4003.399902
418	4205.59668
419	4407.793945
420	4624.905273
421	4857.05127
422	5089.197266
423	5326.002441
424	5585.29248
425	5844.583008
426	6103.873047
427	6386.578125
428	6673.588867
429	6960.599609
430	7262.126953
431	7577.211426
432	7892.295898
433	8209.716797
434	8537.168945
435	8864.620117
436	9192.071289
437	9520.458984
438	9848.998047
439	10177.537109
440	10506.516602
441	10835.883789
442	11165.251953
443	11493.673828
444	11818.335937
445	12142.998047
446	12467.661133
447	12772.661133
448	13074.741211
449	13376.821289
450	13662.461914
451	13934.085937
452	14205.708984
453	14469.78125
454	14705.154297
455	14940.52832
456	15175.901367
457	15386.432617
458	15593.458984
459	15800.485352
460	15998.789062
461	16189.779297
462	16380.769531
463	16568.689453
464	16745.130859
465	16921.572266
466	17098.013672
467	17272.777344
468	17447.306641
469	17621.837891
470	17800.082031
471	17981.439453
472	18162.798828
473	18347.800781
474	18546.544922
475	18745.289062
476	18944.033203
477	19167.689453
478	19394.90625
479	19622.125
480	19859.328125
481	20105.046875
482	20350.763672
483	20596.6875
484	20843.412109
485	21090.136719
486	21336.859375
487	21564.404297
488	21789.039062
489	22013.673828
490	22227.693359
491	22432.375
492	22637.058594
493	22841.910156
494	23047.466797
495	23253.023437
496	23458.580078
497	23693.837891
498	23934
499	24174.160156
500	24434.896484
501	24714.550781
502	24994.203125
503	25282.480469
504	25609.1875
505	25935.894531
506	26262.601562
507	26636.416016
508	27018.853516
509	27401.291016
510	27807.179687
511	28235.875
512	28664.568359
513	29101.015625
514	29575.757812
515	30050.498047
516	30525.240234
517	31041.927734
518	31567.238281
519	32092.546875
520	32643.621094
521	33221.476562
522	33799.332031
523	34386.148437
524	35023.398437
525	35660.648437
526	36297.898437
527	36988.277344
528	37691.019531
529	38393.761719
530	39109.550781
531	39839.964844
532	40570.382812
533	41302.375
534	42044.800781
535	42787.226562
536	43529.652344
537	44258.5625
538	44983.898437
539	45709.234375
540	46410.609375
541	47082.742187
542	47754.875
543	48417.941406
544	49007.441406
545	49596.941406
546	50186.441406
547	50723.296875
548	51244.320312
549	51765.347656
550	52260.527344
551	52721.140625
552	53181.753906
553	53638.917969
554	54059.679687
555	54480.445312
556	54901.207031
557	55297.234375
558	55684.804687
559	56072.378906
560	56437.480469
561	56769.421875
562	57101.363281
563	57431.515625
564	57734.722656
565	58037.929687
566	58341.132812
567	58621.582031
568	58893.210937
569	59164.84375
570	59417.4375
571	59638.863281
572	59860.285156
573	60080.222656
574	60261.859375
575	60443.492187
576	60625.128906
577	60768.421875
578	60894.925781
579	61021.425781
580	61124.65625
581	61185.339844
582	61246.023437
583	61306.132812
584	61317.398437
585	61328.660156
586	61339.925781
587	61312.046875
588	61264.859375
589	61217.671875
590	61146.257812
591	61025.164062
592	60904.066406
593	60782.972656
594	60555.699219
595	60326.894531
596	60098.089844
597	59837.320312
598	59558.871094
599	59280.425781
600	59003.609375
601	58730.574219
602	58457.535156
603	58184.5
604	58005.921875
605	57831.269531
606	57656.617187
607	57532.4375
608	57439.417969
609	57346.398437
610	57272.417969
611	57248.253906
612	57224.089844
613	57199.925781
614	57236.804687
615	57277.9375
616	57319.070312
617	57396.140625
618	57497.84375
619	57599.550781
620	57722.230469
621	57907.246094
622	58092.257812
623	58277.273437
624	58491.503906
625	58708.605469
626	58925.710937
627	59147.652344
628	59373.253906
629	59598.855469
630	59817.984375
631	60015.21875
632	60212.449219
633	60409.679687
634	60541.390625
635	60664.761719
636	60788.132812
637	60857.046875
638	60880.738281
639	60904.429687
640	60899.828125
641	60785.964844
642	60672.101562
643	60558.238281
644	60371.550781
645	60173.527344
646	59975.503906
647	59751.457031
648	59503.863281
649	59256.273437
650	58998.765625
651	58697.59375
652	58396.417969
653	58095.246094
654	57792.796875
655	57490.109375
656	57187.425781
657	56874.882812
658	56552.703125
659	56230.523437
660	55905.90625
661	55569.074219
662	55232.242187
663	54895.410156
664	54617.589844
665	54352.085937
666	54086.582031
667	53868.347656
668	53699.589844
669	53530.828125
670	53369.699219
671	53251.757812
672	53133.816406
673	53015.878906
674	52906.835937
675	52799.851562
676	52692.867187
677	52595.664062
678	52509.3125
679	52422.960937
680	52339.988281
681	52278.398437
682	52216.804687
683	52155.210937
684	52112.058594
685	52073.535156
686	52035.007812
687	51995.046875
688	51953.417969
689	51911.785156
690	51869.851562
691	51825.835937
692	51781.816406
693	51737.800781
694	51688
695	51636.664062
696	51585.324219
697	51522.644531
698	51446.324219
699	51370.003906
700	51293.703125
701	51217.523437
702	51141.347656
703	51065.167969
704	50987.300781
705	50908.96875
706	50830.640625
707	50752.902344
708	50675.894531
709	50598.882812
710	50523.550781
711	50461.066406
712	50398.578125
713	50336.09375
714	50277.578125
715	50220.171875
716	50162.765625
717	50101.65625
718	50035.988281
719	49970.320312
720	49907.402344
721	49865.507812
722	49823.613281
723	49781.71875
724	49754.824219
725	49732.074219
726	49709.324219
727	49684.902344
728	49658.453125
729	49632.007812
730	49604.410156
731	49568.410156
732	49532.414062
733	49496.414062
734	49435.660156
735	49368.320312
736	49300.980469
737	49219.675781
738	49121.960937
739	49024.242187
740	48923.746094
741	48804.65625
742	48685.570312
743	48566.480469
744	48424.691406
745	48277.269531
746	48129.84375
747	47977.507812
748	47819.6875
749	47661.871094
750	47503.914062
751	47345.171875
752	47186.425781
753	47027.679687
754	46863.871094
755	46698.929687
756	46533.988281
757	46367.152344
758	46198.351562
759	46029.546875
760	45862.148437
761	45701.867187
762	45541.589844
763	45381.308594
764	45233.109375
765	45087.222656
766	44941.332031
767	44794.292969
768	44646.164062
769	44498.03125
770	44347.597656
771	44187.359375
772	44027.121094
773	43866.882812
774	43685.269531
775	43500.378906
776	43315.488281
777	43113.617187
778	42897.519531
779	42681.425781
780	42457.214844
781	42204.5625
782	41951.90625
783	41699.253906
784	41406.847656
785	41110.058594
786	40813.265625
787	40499.195312
788	40172.609375
789	39846.023437
790	39514.042969
791	39166.707031
792	38819.375
793	38472.042969
794	38098.496094
795	37723.300781
796	37348.109375
797	36973.4375
798	36599.078125
799	36224.722656
800	35849.425781
801	35471.996094
802	35094.566406
803	34717.136719
804	34347.300781
805	33977.558594
806	33607.816406
807	33246.042969
808	32888.167969
809	32530.291016
810	32175.433594
811	31826.025391
812	31476.615234
813	31127.195312
814	30777.521484
815	30427.847656
816	30078.173828
817	29736.195312
818	29397.087891
819	29057.978516
820	28719.361328
821	28381.433594
822	28043.505859
823	27705.730469
824	27369.279297
825	27032.830078
826	26696.378906
827	26363.275391
828	26031.048828
829	25698.822266
830	25362.439453
831	25021.59375
832	24680.748047
833	24339.427734
834	23995.849609
835	23652.269531
836	23308.691406
837	22963.970703
838	22619.072266
839	22274.173828
840	21932.361328
841	21593.001953
842	21253.642578
843	20916.177734
844	20584.376953
845	20252.576172
846	19920.777344
847	19605.576172
848	19291.339844
849	18977.105469
850	18664.632812
851	18353.148437
852	18041.666016
853	17735.777344
854	17440.910156
855	17146.042969
856	16851.953125
857	16579.976562
858	16308.000977
859	16036.024414
860	15778.394531
861	15526.010742
862	15273.625977
863	15026.255859
864	14785.490234
865	14544.724609
866	14306.254883
867	14082.910156
868	13859.56543
869	13636.219727
870	13426.026367
871	13218.466797
872	13010.907227
873	12809.216797
874	12612.619141
875	12416.020508
876	12225.408203
877	12053.857422
878	11882.306641
879	11710.755859
880	11552.955078
881	11395.977539
882	11239.000977
883	11093.333008
884	10953.780273
885	10814.228516
886	10676.051758
887	10540.369141
888	10404.686523
889	10269.070312
890	10134.435547
891	9999.801758
892	9865.166992
893	9732.22168
894	9599.774414
895	9467.326172
896	9336.243164
897	9206.624023
898	9077.005859
899	8947.53418
900	8818.675781
901	8689.817383
902	8560.958984
903	8436.344727
904	8312.171875
905	8188
906	8064.770996
907	7942.12207
908	7819.473633
909	7697.47998
910	7576.79541
911	7456.11084
912	7335.663086
913	7219.763672
914	7103.864258
915	6987.964844
916	6875.815918
917	6764.810059
918	6653.803711
919	6544.955566
920	6438.402344
921	6331.849121
922	6226.228027
923	6124.241699
924	6022.255371
925	5920.269043
926	5815.027832
927	5709.521973
928	5604.015625
929	5490.777832
930	5373.317871
931	5255.85791
932	5131.061035
933	4993.769531
934	4856.478027
935	4718.281738
936	4571.407715
937	4424.533691
938	4277.65918
939	4145.373047
940	4016.284424
941	3887.196045
942	3779.473145
943	3689.427246
944	3599.381592
945	3518.809082
946	3463.140869
947	3407.472656
948	3351.918457
949	3317.718262
950	3283.518066
951	3249.317627
952	3219.039307
953	3190.165039
954	3161.291016
955	3131.786865
956	3101.568604
957	3071.350586
958	3040.639893
959	3007.989502
960	2975.338867
961	2942.688477
962	2909.034424
963	2875.313721
964	2841.592773
965	2808.006104
966	2774.484619
967	2740.963135
968	2707.416748
969	2673.834717
970	2640.25293
971	2606.807861
972	2574.13208
973	2541.456055
974	2508.780029
975	2476.14624
976	2443.517578
977	2410.888916
978	2376.449463
979	2340.964844
980	2305.480225
981	2270.616699
982	2236.775879
983	2202.935059
984	2168.841309
985	2132.941406
986	2097.04126
987	2061.141357
988	2025.173096
989	1989.194702
990	1953.216309
991	1917.25647
992	1881.307983
993	1845.359619
994	1809.856567
995	1775.122437
996	1740.388306
997	1705.817505
998	1672.46875
999	1639.119995
1000	1605.77124
1001	1574.245117
1002	1542.990479
1003	1511.735718
1004	1480.423462
1005	1449.076416
1006	1417.72937
1007	1387.408325
1008	1358.760254
1009	1330.112183
1010	1301.824585
1011	1275.800903
1012	1249.777222
1013	1223.753418
1014	1198.644531
1015	1173.641602
1016	1148.638672
1017	1125.310791
1018	1102.859375
1019	1080.407837
1020	1058.688477
1021	1037.986816
1022	1017.285095
1023	996.764282
1024	977.056702
1025	957.349182
1026	937.641663
1027	920.107666
1028	902.695007
1029	885.282349
1030	869.497375
1031	854.364807
1032	839.2323
1033	823.625977
1034	807.511292
1035	791.396606
1036	775.870056
1037	762.085083
1038	748.30011
1039	734.529236
1040	721.326355
1041	708.123474
1042	694.920532
1043	682.837585
1044	671.038635
1045	659.239624
1046	647.810303
1047	636.656616
1048	625.50293
1049	614.90625
1050	605.345276
1051	595.784363
1052	586.238647
1053	576.796875
1054	567.355042
1055	557.913269
1056	548.974792
1057	540.087036
1058	531.199219
1059	522.028992
1060	512.7323
1061	503.435547
1062	495.103302
1063	487.839294
1064	480.575317
1065	473.455902
1066	466.748016
1067	460.040161
1068	453.377838
1069	447.631622
1070	441.885437
1071	436.139252
1072	430.833618
1073	425.614105
1074	420.394592
1075	415.701294
1076	411.320465
1077	406.939606
1078	402.354584
1079	397.487854
1080	392.621124
1081	387.790649
1082	383.092651
1083	378.394653
1084	373.704437
1085	369.69104
1086	365.677643
1087	361.664276
1088	358.63562
1089	355.838593
1090	353.041565
1091	350.577179
1092	348.325684
1093	346.074188
1094	343.809296
1095	341.52533
1096	339.241333
1097	337.325073
1098	336.74588
1099	336.166687
1100	335.61557
1101	336.33606
1102	337.056549
1103	337.777039
1104	340.382599
1105	343.376038
1106	346.369507
1107	352.250275
1108	359.761993
1109	367.273682
1110	378.047668
1111	392.797852
1112	407.548035
1113	425.429382
1114	452.027405
1115	478.625427
1116	506.473999
1117	548.736389
1118	590.99884
1119	633.261292
1120	693.36377
1121	755.507263
1122	817.650757
1123	890.467712
1124	967.501709
1125	1044.535645
1126	1122.520508
1127	1201.320557
1128	1280.120728
1129	1353.585327
1130	1417.643799
1131	1481.702393
1132	1540.756592
1133	1578.124756
1134	1615.49292
1135	1652.56665
1136	1670.325317
1137	1688.083862
1138	1705.842529
1139	1714.212402
1140	1720.856567
1141	1727.500732
1142	1736.18811
1143	1745.852539
1144	1755.516846
CHECKSUM=å