[HEADER]
Format	J&M ASCII Table
Comment	COA_01_P.00039_HAL03-noFilter_UVIR600um2-UV400um0.5_24mm
Date	25/09/2024 10:55:52
Order	Y (evenX)
TechType	UV
NumPoints	841
FirstX	304
LastX	1144
XType	nm
YType	Count
ZType	Idx
NumSubFile	1
Matrix	Z vs X
[LOGIN]
Name=JM
[INSTRUMENT]
Name=TIDAS S
Detector=MMS - ASPEN 97,5 kHz
Diodearray=256 Pixel
Serial#=39059
Calibrated=2016-03-14
Range=303.56-1144.49 [nm] (F0)

SWVersion=v3.22.6 (build 0)
[CONFIG]
ChannelName=Refer
ChannelType=RawData
[PARAMETER]
It=91.00
Aver=20
Norm=0
Range=304.0-1144.0 nm
Scan=Single
[TRIGGER]
Sweep=0
Scan=0
[DIO]
DigOut=0x0000
DigIn=0x0000
[DATA]
	0
304	185.11319
305	183.884827
306	182.656464
307	181.591522
308	181.530869
309	181.47023
310	181.409592
311	181.833786
312	182.349075
313	182.864365
314	183.330231
315	183.754456
316	184.17868
317	184.463257
318	184.311798
319	184.160339
320	184.008881
321	184.627167
322	185.293396
323	185.95961
324	186.945007
325	188.11058
326	189.276138
327	189.907608
328	189.483902
329	189.060181
330	188.682831
331	189.711548
332	190.74028
333	191.768997
334	192.621613
335	193.408051
336	194.194489
337	195.019012
338	195.89595
339	196.772888
340	197.601624
341	198.055084
342	198.508545
343	198.962006
344	200.182617
345	201.587952
346	202.993301
347	204.375916
348	205.735565
349	207.0952
350	208.398163
351	209.455368
352	210.512573
353	211.569778
354	212.070694
355	212.493484
356	212.91626
357	214.354553
358	216.573547
359	218.792526
360	220.73642
361	221.868256
362	223.000107
363	224.131958
364	225.958374
365	227.829224
366	229.700073
367	231.683914
368	233.735291
369	235.786667
370	238.489868
371	242.636871
372	246.783875
373	250.930893
374	259.443939
375	267.977173
376	276.510437
377	291.223511
378	308.858704
379	326.493896
380	348.319305
381	377.538513
382	406.757721
383	436.618591
384	480.520569
385	524.422546
386	568.324585
387	622.428528
388	680.403259
389	738.37793
390	801.420898
391	871.897461
392	942.374023
393	1013.837646
394	1095.906738
395	1177.97583
396	1260.044922
397	1349.634888
398	1441.546021
399	1533.457153
400	1630.373535
401	1733.596558
402	1836.81958
403	1941.65686
404	2058.325439
405	2174.993896
406	2291.662598
407	2420.109375
408	2551.556885
409	2683.00415
410	2823.85498
411	2975.174072
412	3126.493164
413	3281.203857
414	3455.320312
415	3629.436768
416	3803.553223
417	4000.973145
418	4203.380859
419	4405.788574
420	4623.162598
421	4855.624023
422	5088.085937
423	5325.193359
424	5584.724121
425	5844.255371
426	6103.786133
427	6386.642578
428	6673.788574
429	6960.93457
430	7263.241699
431	7579.708496
432	7896.174805
433	8214.770508
434	8542.507812
435	8870.245117
436	9197.981445
437	9526.861328
438	9855.925781
439	10184.990234
440	10514.391602
441	10844.089844
442	11173.788086
443	11502.53125
444	11827.478516
445	12152.425781
446	12477.374023
447	12783.352539
448	13086.513672
449	13389.674805
450	13676.525391
451	13949.469727
452	14222.414062
453	14487.52832
454	14722.886719
455	14958.245117
456	15193.603516
457	15405.579102
458	15614.254883
459	15822.931641
460	16022.273437
461	16213.790039
462	16405.306641
463	16593.691406
464	16770.371094
465	16947.052734
466	17123.734375
467	17299.554687
468	17475.253906
469	17650.955078
470	17830.066406
471	18012.039062
472	18194.011719
473	18379.654297
474	18579.132812
475	18778.611328
476	18978.091797
477	19202.705078
478	19430.912109
479	19659.121094
480	19897.580078
481	20144.78125
482	20391.982422
483	20639.388672
484	20887.597656
485	21135.806641
486	21384.013672
487	21611.441406
488	21835.716797
489	22059.992187
490	22274.001953
491	22478.984375
492	22683.966797
493	22888.84375
494	23093.291016
495	23297.740234
496	23502.1875
497	23736.724609
498	23976.224609
499	24215.726562
500	24476.326172
501	24756.324219
502	25036.322266
503	25325.183594
504	25653.537109
505	25981.892578
506	26310.246094
507	26685.595703
508	27069.546875
509	27453.496094
510	27860.927734
511	28291.195312
512	28721.462891
513	29159.488281
514	29635.847656
515	30112.207031
516	30588.566406
517	31106.347656
518	31632.644531
519	32158.943359
520	32710.966797
521	33289.734375
522	33868.503906
523	34456.4375
524	35095.929687
525	35735.425781
526	36374.921875
527	37067.898437
528	37773.320312
529	38478.746094
530	39196.976562
531	39929.582031
532	40662.183594
533	41396.171875
534	42139.347656
535	42882.523437
536	43625.699219
537	44355.804687
538	45082.457031
539	45809.109375
540	46512.78125
541	47188.421875
542	47864.058594
543	48530.386719
544	49121.203125
545	49712.019531
546	50302.835937
547	50841.710937
548	51364.964844
549	51888.222656
550	52383.953125
551	52842.878906
552	53301.800781
553	53757.535156
554	54179.675781
555	54601.816406
556	55023.957031
557	55421.480469
558	55810.59375
559	56199.710937
560	56567.378906
561	56903.40625
562	57239.433594
563	57573.585937
564	57879.578125
565	58185.566406
566	58491.558594
567	58773.460937
568	59046.035156
569	59318.609375
570	59572.714844
571	59796.574219
572	60020.4375
573	60242.683594
574	60423.273437
575	60603.859375
576	60784.449219
577	60927.433594
578	61053.949219
579	61180.464844
580	61283.050781
581	61341.878906
582	61400.707031
583	61458.980469
584	61470.203125
585	61481.425781
586	61492.644531
587	61465.933594
588	61420.507812
589	61375.085937
590	61304.9375
591	61184.082031
592	61063.222656
593	60942.367187
594	60715.789062
595	60487.6875
596	60259.585937
597	59997.492187
598	59716.589844
599	59435.6875
600	59156.910156
601	58883.050781
602	58609.191406
603	58335.332031
604	58161.1875
605	57991.1875
606	57821.191406
607	57701.183594
608	57612.035156
609	57522.890625
610	57453.148437
611	57434.160156
612	57415.171875
613	57396.1875
614	57435.867187
615	57479.632812
616	57523.398437
617	57602.097656
618	57704.746094
619	57807.394531
620	57930.582031
621	58114.800781
622	58299.023437
623	58483.242187
624	58697.0625
625	58913.789062
626	59130.519531
627	59349.769531
628	59570.929687
629	59792.085937
630	60007
631	60200.773437
632	60394.546875
633	60588.320312
634	60714.738281
635	60832.585937
636	60950.433594
637	61014.699219
638	61034.472656
639	61054.246094
640	61046.398437
641	60931.90625
642	60817.414062
643	60702.921875
644	60516.890625
645	60319.71875
646	60122.550781
647	59899.402344
648	59652.753906
649	59406.105469
650	59150.726562
651	58856.90625
652	58563.082031
653	58269.261719
654	57970.175781
655	57670.125
656	57370.074219
657	57058.242187
658	56734.894531
659	56411.546875
660	56084.96875
661	55742.207031
662	55399.445312
663	55056.683594
664	54773.988281
665	54503.824219
666	54233.664062
667	54013.800781
668	53846.585937
669	53679.367187
670	53519.792969
671	53403.46875
672	53287.144531
673	53170.824219
674	53063.703125
675	52958.710937
676	52853.71875
677	52759.121094
678	52676.050781
679	52592.976562
680	52513.027344
681	52452.796875
682	52392.566406
683	52332.335937
684	52288.140625
685	52247.964844
686	52207.792969
687	52165.519531
688	52120.800781
689	52076.085937
690	52031.253906
691	51985.632812
692	51940.007812
693	51894.386719
694	51844.273437
695	51792.964844
696	51741.65625
697	51679.242187
698	51603.480469
699	51527.714844
700	51452.144531
701	51378.003906
702	51303.867187
703	51229.726562
704	51152.078125
705	51073.460937
706	50994.847656
707	50916.984375
708	50840.050781
709	50763.117187
710	50687.707031
711	50623.976562
712	50560.25
713	50496.519531
714	50436.804687
715	50378.210937
716	50319.617187
717	50257.617187
718	50191.425781
719	50125.230469
720	50062.066406
721	50022.035156
722	49982
723	49941.96875
724	49915.261719
725	49892.242187
726	49869.222656
727	49845.066406
728	49819.535156
729	49794.003906
730	49767.042969
731	49729.679687
732	49692.316406
733	49654.953125
734	49592.1875
735	49522.671875
736	49453.15625
737	49369.265625
738	49268.488281
739	49167.710937
740	49064.375
741	48943.980469
742	48823.585937
743	48703.191406
744	48559.804687
745	48410.714844
746	48261.621094
747	48109.386719
748	47953.640625
749	47797.894531
750	47641.78125
751	47483.46875
752	47325.160156
753	47166.851562
754	47002.765625
755	46837.386719
756	46672.011719
757	46504.667969
758	46335.277344
759	46165.886719
760	45997.738281
761	45835.914062
762	45674.085937
763	45512.257812
764	45360.691406
765	45211.089844
766	45061.488281
767	44911.945312
768	44762.460937
769	44612.976562
770	44461.296875
771	44300.277344
772	44139.253906
773	43978.234375
774	43798.632812
775	43616.179687
776	43433.726562
777	43234.171875
778	43020.289062
779	42806.40625
780	42583.925781
781	42331.316406
782	42078.707031
783	41826.101562
784	41533.917969
785	41237.363281
786	40940.8125
787	40625.683594
788	40297.09375
789	39968.503906
790	39634.9375
791	39287.195312
792	38939.457031
793	38591.714844
794	38217.054687
795	37840.699219
796	37464.347656
797	37087.605469
798	36710.625
799	36333.644531
800	35956.03125
801	35576.972656
802	35197.914062
803	34818.855469
804	34446.257812
805	34073.742187
806	33701.226562
807	33336.273437
808	32975.019531
809	32613.765625
810	32256.347656
811	31905.851562
812	31555.355469
813	31204.935547
814	30856.244141
815	30507.550781
816	30158.857422
817	29817.201172
818	29478.167969
819	29139.134766
820	28800.083984
821	28461.009766
822	28121.933594
823	27783.060547
824	27445.929687
825	27108.800781
826	26771.669922
827	26436.810547
828	26102.544922
829	25768.279297
830	25429.548828
831	25086.029297
832	24742.507812
833	24399.087891
834	24056.142578
835	23713.199219
836	23370.255859
837	23024.863281
838	22679.087891
839	22333.3125
840	21990.445312
841	21649.892578
842	21309.337891
843	20970.673828
844	20637.664062
845	20304.652344
846	19971.642578
847	19655.074219
848	19339.462891
849	19023.849609
850	18710.107422
851	18397.414062
852	18084.720703
853	17778.089844
854	17483.404297
855	17188.71875
856	16894.800781
857	16622.703125
858	16350.605469
859	16078.507812
860	15820.445312
861	15567.515625
862	15314.585937
863	15066.695312
864	14825.445312
865	14584.195312
866	14345.24707
867	14121.461914
868	13897.677734
869	13673.892578
870	13462.551758
871	13253.703125
872	13044.855469
873	12842.404297
874	12645.50293
875	12448.601562
876	12257.572266
877	12085.248047
878	11912.923828
879	11740.599609
880	11581.379883
881	11422.946289
882	11264.512695
883	11117.564453
884	10976.828125
885	10836.091797
886	10696.876953
887	10560.419922
888	10423.962891
889	10287.592773
890	10152.517578
891	10017.442383
892	9882.367187
893	9748.135742
894	9614.15332
895	9480.170898
896	9348.424805
897	9219.080078
898	9089.735352
899	8960.52832
900	8831.898437
901	8703.267578
902	8574.637695
903	8450.541016
904	8326.916016
905	8203.291016
906	8080.421387
907	7958.016113
908	7835.61084
909	7713.617187
910	7592.445801
911	7471.273926
912	7350.353516
913	7234.255859
914	7118.158691
915	7002.061523
916	6890.345215
917	6779.963379
918	6669.582031
919	6560.834473
920	6453.82373
921	6346.812988
922	6240.582031
923	6137.391113
924	6034.200195
925	5931.009277
926	5825.437988
927	5719.672363
928	5613.907227
929	5500.449707
930	5382.791016
931	5265.132812
932	5140.194336
933	5002.856934
934	4865.519531
935	4727.273437
936	4580.307617
937	4433.341797
938	4286.375977
939	4153.208496
940	4023.065918
941	3892.923096
942	3784.65625
943	3694.488281
944	3604.320068
945	3523.777344
946	3468.537109
947	3413.296875
948	3358.171143
949	3324.490967
950	3290.810791
951	3257.130615
952	3226.921631
953	3197.955811
954	3168.98999
955	3139.422852
956	3109.173828
957	3078.925049
958	3048.146484
959	3015.281738
960	2982.416748
961	2949.552002
962	2916.200684
963	2882.81665
964	2849.432861
965	2815.522217
966	2781.356934
967	2747.191895
968	2713.18457
969	2679.40332
970	2645.62207
971	2612.021729
972	2579.437988
973	2546.854004
974	2514.27002
975	2481.865234
976	2449.482178
977	2417.099121
978	2383.031738
979	2347.992432
980	2312.953125
981	2278.192627
982	2243.890869
983	2209.589355
984	2175.078125
985	2139.070557
986	2103.062988
987	2067.05542
988	2031.006348
989	1994.95105
990	1958.895752
991	1922.934937
992	1887.032715
993	1851.130371
994	1815.509888
995	1780.37561
996	1745.241211
997	1710.321167
998	1677.003174
999	1643.685303
1000	1610.36731
1001	1578.885498
1002	1547.677002
1003	1516.468384
1004	1485.818237
1005	1455.503784
1006	1425.189331
1007	1395.162476
1008	1365.604736
1009	1336.046875
1010	1306.915283
1011	1280.459595
1012	1254.004028
1013	1227.54834
1014	1202.366821
1015	1177.333008
1016	1152.299194
1017	1128.991089
1018	1106.58606
1019	1084.180908
1020	1062.385132
1021	1041.436157
1022	1020.487305
1023	999.710815
1024	979.709656
1025	959.708435
1026	939.707214
1027	922.479919
1028	905.407471
1029	888.335022
1030	872.735718
1031	857.72699
1032	842.718201
1033	827.213318
1034	811.176025
1035	795.138794
1036	779.53717
1037	765.225586
1038	750.91394
1039	736.638672
1040	723.823181
1041	711.00769
1042	698.1922
1043	685.878357
1044	673.691772
1045	661.505188
1046	650.034729
1047	639.098206
1048	628.161682
1049	617.657349
1050	607.956726
1051	598.256104
1052	588.562744
1053	578.919067
1054	569.275391
1055	559.631714
1056	550.773621
1057	541.994629
1058	533.215576
1059	524.13269
1060	514.913696
1061	505.694702
1062	497.38855
1063	490.093445
1064	482.798309
1065	475.583038
1066	468.595032
1067	461.607025
1068	454.690399
1069	449.208923
1070	443.727448
1071	438.245972
1072	432.801147
1073	427.363495
1074	421.925842
1075	416.867615
1076	412.034668
1077	407.201721
1078	402.433228
1079	397.753693
1080	393.074158
1081	388.487915
1082	384.242523
1083	379.997162
1084	375.754425
1085	371.741058
1086	367.727661
1087	363.714294
1088	360.306122
1089	357.040314
1090	353.774506
1091	351.212982
1092	349.102203
1093	346.991425
1094	344.796417
1095	342.48114
1096	340.165863
1097	338.204803
1098	337.531708
1099	336.858582
1100	336.214569
1101	336.888062
1102	337.561554
1103	338.235077
1104	340.429657
1105	342.937256
1106	345.444855
1107	351.240479
1108	358.893311
1109	366.546173
1110	377.425964
1111	392.238922
1112	407.051849
1113	424.900543
1114	451.200256
1115	477.499939
1116	505.065216
1117	547.217651
1118	589.370117
1119	631.522583
1120	691.077698
1121	752.623779
1122	814.169922
1123	886.592163
1124	963.311523
1125	1040.030884
1126	1118.217896
1127	1197.663452
1128	1277.108887
1129	1351.258911
1130	1416.073608
1131	1480.888184
1132	1540.648193
1133	1578.504883
1134	1616.361694
1135	1653.922852
1136	1672.091553
1137	1690.260254
1138	1708.428833
1139	1717.209106
1140	1724.26355
1141	1731.317993
1142	1740.29834
1143	1750.199585
1144	1760.10083
CHECKSUMފ