[HEADER]
Format	J&M ASCII Table
Comment	COA_01_P.00039_HAL03-noFilter_UVIR600um2-UV400um0.5_24mm
Date	25/09/2024 11:52:49
Order	Y (evenX)
TechType	UV
NumPoints	841
FirstX	304
LastX	1144
XType	nm
YType	Count
ZType	Idx
NumSubFile	1
Matrix	Z vs X
[LOGIN]
Name=JM
[INSTRUMENT]
Name=TIDAS S
Detector=MMS - ASPEN 97,5 kHz
Diodearray=256 Pixel
Serial#=39059
Calibrated=2016-03-14
Range=303.56-1144.49 [nm] (F0)

SWVersion=v3.22.6 (build 0)
[CONFIG]
ChannelName=Dark
ChannelType=RawData
[PARAMETER]
It=91.00
Aver=20
Norm=0
Range=304.0-1144.0 nm
Scan=Single
[TRIGGER]
Sweep=0
Scan=0
[DIO]
DigOut=0x0000
DigIn=0x0000
[DATA]
	0
304	136.307144
305	134.836151
306	133.365143
307	132.097885
308	132.082718
309	132.067566
310	132.052399
311	132.241379
312	132.468704
313	132.696045
314	133.202896
315	133.945282
316	134.687683
317	135.205917
318	135.024155
319	134.842407
320	134.660645
321	134.707016
322	134.767578
323	134.828156
324	135.2854
325	135.966583
326	136.647751
327	136.850815
328	136.109314
329	135.367828
330	134.662064
331	135.040268
332	135.418472
333	135.796677
334	135.954956
335	136.030579
336	136.106201
337	136.302689
338	136.665573
339	137.028442
340	137.294952
341	136.811249
342	136.32756
343	135.843872
344	136.468536
345	137.360107
346	138.251663
347	138.654938
348	138.564285
349	138.473648
350	138.380173
351	138.27446
352	138.168747
353	138.063019
354	137.785217
355	137.483231
356	137.181259
357	137.562057
358	138.467773
359	139.373489
360	139.946899
361	139.539429
362	139.131958
363	138.724487
364	138.997787
365	139.314621
366	139.63147
367	139.447906
368	138.965225
369	138.482544
370	138.253189
371	138.584946
372	138.916702
373	139.248474
374	139.219986
375	139.189835
376	139.159668
377	139.375137
378	139.706741
379	140.038345
380	140.048309
381	139.490753
382	138.933197
383	138.40657
384	138.557236
385	138.707901
386	138.858551
387	139.052872
388	139.263748
389	139.474625
390	139.404648
391	138.92276
392	138.440857
393	138.035889
394	138.457458
395	138.879013
396	139.300568
397	139.722061
398	140.143539
399	140.565018
400	140.813324
401	140.843414
402	140.873505
403	140.94516
404	141.321304
405	141.697464
406	142.073624
407	141.886246
408	141.555298
409	141.22435
410	141.192352
411	141.493149
412	141.793945
413	142.011978
414	141.756332
415	141.500702
416	141.245071
417	142.066864
418	143.119263
419	144.171677
420	144.767365
421	144.902649
422	145.037933
423	145.291855
424	146.118439
425	146.945023
426	147.771591
427	149.803787
428	152.057678
429	154.311569
430	159.035614
431	166.066544
432	173.097458
433	179.554886
434	183.5504
435	187.545914
436	191.541428
437	189.232056
438	185.89801
439	182.56395
440	177.779312
441	171.712997
442	165.646683
443	160.655121
444	159.934479
445	159.213837
446	158.493195
447	158.752869
448	159.158173
449	159.563461
450	159.693298
451	159.588226
452	159.48317
453	159.362488
454	159.182404
455	159.002335
456	158.822266
457	158.589615
458	158.349548
459	158.109482
460	157.942871
461	157.83786
462	157.732849
463	157.580353
464	157.250351
465	156.920364
466	156.590378
467	156.234085
468	155.874146
469	155.514191
470	155.374466
471	155.419464
472	155.464447
473	155.415161
474	155.01033
475	154.605484
476	154.200653
477	155.986252
478	158.085129
479	160.184021
480	162.436478
481	164.819901
482	167.203339
483	170.168289
484	175.399246
485	180.630219
486	185.861176
487	188.033508
488	189.741974
489	191.450455
490	191.261444
491	189.403275
492	187.54512
493	185.297668
494	181.446945
495	177.596222
496	173.745499
497	170.923843
498	168.272049
499	165.620239
500	162.578339
501	159.177795
502	155.777252
503	152.91214
504	152.432816
505	151.953491
506	151.474152
507	150.90625
508	150.322128
509	149.737991
510	149.320923
511	149.06633
512	148.811737
513	148.607574
514	148.652496
515	148.697418
516	148.74234
517	149.097763
518	149.517029
519	149.936295
520	149.973816
521	149.614471
522	149.255127
523	148.965805
524	149.070618
525	149.175415
526	149.280212
527	150.453735
528	151.875961
529	153.298187
530	155.270721
531	157.860428
532	160.450134
533	164.383362
534	177.211441
535	190.039505
536	202.867569
537	227.474182
538	255.194962
539	282.915741
540	310.244598
541	337.095276
542	363.945953
543	387.917358
544	388.530945
545	389.144562
546	389.758179
547	372.099548
548	348.947815
549	325.796112
550	302.190308
551	277.977356
552	253.76442
553	230.368607
554	215.583984
555	200.799362
556	186.01474
557	177.688293
558	171.568161
559	165.448029
560	160.802734
561	158.333817
562	155.864914
563	153.529465
564	153.200287
565	152.871094
566	152.541916
567	152.827454
568	153.351151
569	153.874832
570	155.028107
571	157.212555
572	159.397003
573	161.654556
574	165.798965
575	169.943359
576	174.087769
577	179.657639
578	185.851791
579	192.045959
580	197.647583
581	202.165955
582	206.684311
583	211.167786
584	212.693832
585	214.219864
586	215.745911
587	214.286209
588	211.35376
589	208.42131
590	205.03775
591	200.728928
592	196.420105
593	192.111282
594	187.536896
595	182.958694
596	178.380478
597	175.545868
598	173.675674
599	171.805496
600	171.07373
601	172.973877
602	174.874008
603	176.774155
604	189.850128
605	203.390747
606	216.931366
607	230.897675
608	245.126801
609	259.355927
610	270.374115
611	272.992584
612	275.611023
613	278.229462
614	272.063263
615	265.285095
616	258.506927
617	250.086349
618	240.539719
619	230.993088
620	221.838181
621	213.847443
622	205.856705
623	197.865967
624	193.594223
625	189.688492
626	185.782776
627	182.762756
628	180.413193
629	178.063644
630	175.775528
631	173.695312
632	171.615097
633	169.534897
634	166.432236
635	163.199432
636	159.966644
637	157.535126
638	155.768997
639	154.002869
640	152.347549
641	151.120148
642	149.892746
643	148.665344
644	148.836761
645	149.225952
646	149.615143
647	150.051514
648	150.530563
649	151.009598
650	151.391678
651	151.346771
652	151.301865
653	151.256943
654	150.566605
655	149.758133
656	148.949646
657	148.330429
658	147.89621
659	147.461975
660	147.065125
661	146.855484
662	146.645844
663	146.436188
664	146.300873
665	146.181076
666	146.061264
667	145.751205
668	145.242004
669	144.732788
670	144.347214
671	144.661758
672	144.976303
673	145.290863
674	145.118912
675	144.834305
676	144.549683
677	144.527832
678	144.797501
679	145.067154
680	145.345001
681	145.674622
682	146.004227
683	146.333847
684	145.896957
685	145.267624
686	144.63829
687	144.313858
688	144.343826
689	144.373795
690	144.418869
691	144.568756
692	144.718628
693	144.8685
694	144.746078
695	144.551224
696	144.356369
697	144.420181
698	144.794968
699	145.169739
700	145.539169
701	145.869019
702	146.198853
703	146.528702
704	147.716537
705	149.141022
706	150.565506
707	151.478027
708	151.762955
709	152.047897
710	152.187653
711	151.212738
712	150.237823
713	149.262909
714	148.11203
715	146.911972
716	145.711914
717	145.130737
718	145.31076
719	145.490799
720	145.544067
721	144.628769
722	143.71347
723	142.798157
724	142.505936
725	142.38588
726	142.265808
727	142.247467
728	142.352539
729	142.457611
730	142.550003
731	142.550003
732	142.550003
733	142.550003
734	142.609299
735	142.684372
736	142.759445
737	142.67572
738	142.405411
739	142.135117
740	141.931274
741	142.171585
742	142.411896
743	142.652206
744	142.844421
745	143.024673
746	143.204941
747	143.434937
748	143.720398
749	144.005859
750	144.228241
751	144.077972
752	143.927704
753	143.777435
754	144.511749
755	145.443619
756	146.375488
757	146.938538
758	147.118927
759	147.299316
760	147.39798
761	147.08223
762	146.766479
763	146.450729
764	146.097076
765	145.73616
766	145.375229
767	144.673782
768	143.650955
769	142.628113
770	142.023392
771	143.196854
772	144.370331
773	145.543793
774	145.04776
775	144.29538
776	143.542984
777	143.126297
778	142.990845
779	142.855392
780	142.75
781	142.75
782	142.75
783	142.75
784	142.64151
785	142.521057
786	142.400604
787	142.524689
788	142.825897
789	143.127121
790	143.22467
791	142.742615
792	142.260559
793	141.778503
794	141.480652
795	141.194366
796	140.908096
797	141.072037
798	141.509094
799	141.946136
800	142.263779
801	142.309006
802	142.354218
803	142.399445
804	143.904373
805	145.427246
806	146.950119
807	147.946426
808	148.68544
809	149.424454
810	150.050583
811	150.472977
812	150.89537
813	151.241623
814	149.853424
815	148.46524
816	147.077042
817	146.546082
818	146.334793
819	146.123489
820	146.056473
821	146.192337
822	146.328201
823	146.410873
824	146.03334
825	145.655823
826	145.27829
827	145.343658
828	145.524918
829	145.706177
830	145.588654
831	145.150482
832	144.712326
833	144.347397
834	144.332275
835	144.317169
836	144.302048
837	144.208496
838	144.102676
839	143.996857
840	143.705658
841	143.26712
842	142.828598
843	142.462082
844	142.310822
845	142.159561
846	142.008316
847	141.9142
848	141.823425
849	141.732651
850	141.816299
851	141.99791
852	142.179535
853	142.157288
854	141.733383
855	141.309479
856	140.927277
857	141.729889
858	142.532486
859	143.335098
860	143.683105
861	143.864883
862	144.046661
863	143.803436
864	143.000336
865	142.197235
866	141.484009
867	141.362762
868	141.241501
869	141.120239
870	141.554764
871	142.100616
872	142.646454
873	142.93248
874	142.993164
875	143.053833
876	143.255905
877	143.908295
878	144.560684
879	145.213089
880	144.3909
881	143.48027
882	142.569641
883	142.417496
884	142.675598
885	142.933685
886	143.0784
887	143.017654
888	142.956894
889	142.890366
890	142.738449
891	142.586517
892	142.434601
893	142.599503
894	142.857864
895	143.116226
896	143.25
897	143.25
898	143.25
899	143.097092
900	142.306259
901	141.515442
902	140.724609
903	140.95311
904	141.287811
905	141.622513
906	141.75
907	141.75
908	141.75
909	141.821121
910	142.034256
911	142.247406
912	142.443207
913	142.306137
914	142.169083
915	142.032013
916	142.163483
917	142.376785
918	142.590088
919	142.626129
920	142.473709
921	142.321289
922	142.256027
923	142.530472
924	142.804916
925	143.079376
926	143.015366
927	142.923843
928	142.832321
929	142.750656
930	142.674362
931	142.598068
932	142.49353
933	142.340881
934	142.188232
935	142.035583
936	141.882874
937	141.730164
938	141.577469
939	141.662766
940	141.800262
941	141.937744
942	141.774185
943	141.361557
944	140.948914
945	140.553085
946	140.201431
947	139.849777
948	139.504868
949	140.422592
950	141.340302
951	142.258026
952	142.522537
953	142.553146
954	142.58374
955	142.499557
956	142.285233
957	142.070923
958	141.940308
959	142.139389
960	142.338486
961	142.537567
962	142.420731
963	142.282837
964	142.144958
965	142.213638
966	142.382248
967	142.550842
968	142.460495
969	142.000473
970	141.540451
971	141.149994
972	141.149994
973	141.149994
974	141.149994
975	141.533295
976	141.963028
977	142.392761
978	141.800308
979	140.617996
980	139.435699
981	139.245453
982	140.689407
983	142.133362
984	143.38678
985	143.279205
986	143.171631
987	143.064056
988	143.090103
989	143.13623
990	143.182343
991	142.839127
992	142.254608
993	141.670074
994	141.328232
995	141.405182
996	141.482132
997	141.497345
998	141.050858
999	140.604355
1000	140.157867
1001	140.542465
1002	141.050797
1003	141.559128
1004	141.807755
1005	141.900223
1006	141.992691
1007	141.93277
1008	141.62439
1009	141.31601
1010	141.115707
1011	141.593918
1012	142.072128
1013	142.550323
1014	142.30957
1015	141.985443
1016	141.661331
1017	141.77301
1018	142.112717
1019	142.452423
1020	142.501328
1021	142.145996
1022	141.79068
1023	141.404388
1024	140.878845
1025	140.353317
1026	139.827774
1027	140.254059
1028	140.733444
1029	141.21283
1030	142.012741
1031	142.941116
1032	143.869492
1033	143.984085
1034	143.225555
1035	142.467041
1036	141.892181
1037	141.861206
1038	141.830231
1039	141.797363
1040	141.688889
1041	141.580414
1042	141.471939
1043	141.462372
1044	141.477875
1045	141.493378
1046	141.43779
1047	141.329193
1048	141.220612
1049	141.204269
1050	141.359482
1051	141.514694
1052	141.59819
1053	141.194443
1054	140.79068
1055	140.386917
1056	140.477066
1057	140.616898
1058	140.756744
1059	140.60672
1060	140.326889
1061	140.047058
1062	139.93689
1063	140.014664
1064	140.092438
1065	140.158081
1066	140.189209
1067	140.220352
1068	140.255905
1069	140.380478
1070	140.505051
1071	140.629639
1072	140.337173
1073	139.963242
1074	139.58931
1075	139.821716
1076	140.414139
1077	141.006561
1078	141.389343
1079	141.482925
1080	141.576508
1081	141.629868
1082	141.536224
1083	141.442581
1084	141.34433
1085	140.844604
1086	140.344879
1087	139.845169
1088	139.800598
1089	139.863098
1090	139.925598
1091	140.236008
1092	140.705063
1093	141.174118
1094	141.359787
1095	141.140778
1096	140.921768
1097	140.739868
1098	140.692917
1099	140.64595
1100	140.603394
1101	140.760025
1102	140.916641
1103	141.073273
1104	140.645081
1105	140.096542
1106	139.548004
1107	139.329956
1108	139.298599
1109	139.267227
1110	139.257065
1111	139.272766
1112	139.288452
1113	139.329056
1114	139.43895
1115	139.548859
1116	139.634949
1117	139.446411
1118	139.257889
1119	139.069351
1120	139.332138
1121	139.646545
1122	139.960968
1123	140.061279
1124	140.077011
1125	140.092743
1126	139.727158
1127	139.034531
1128	138.341919
1129	137.803085
1130	137.535324
1131	137.267563
1132	136.96431
1133	136.507248
1134	136.050201
1135	135.60379
1136	135.85614
1137	136.108475
1138	136.360809
1139	136.386673
1140	136.370895
1141	136.355103
1142	136.050873
1143	135.608704
1144	135.16655
CHECKSUMX