[HEADER]
Format	J&M ASCII Table
Comment	COA_01_P.00039_HAL03-noFilter_UVIR600um2-UV400um0.5_24mm
Date	25/09/2024 12:19:17
Order	Y (evenX)
TechType	UV
NumPoints	841
FirstX	304
LastX	1144
XType	nm
YType	Count
ZType	Idx
NumSubFile	1
Matrix	Z vs X
[LOGIN]
Name=JM
[INSTRUMENT]
Name=TIDAS S
Detector=MMS - ASPEN 97,5 kHz
Diodearray=256 Pixel
Serial#=39059
Calibrated=2016-03-14
Range=303.56-1144.49 [nm] (F0)

SWVersion=v3.22.6 (build 0)
[CONFIG]
ChannelName=Dark
ChannelType=RawData
[PARAMETER]
It=91.00
Aver=20
Norm=0
Range=304.0-1144.0 nm
Scan=Single
[TRIGGER]
Sweep=0
Scan=0
[DIO]
DigOut=0x0000
DigIn=0x0000
[DATA]
	0
304	136.887268
305	135.370773
306	133.854263
307	132.539398
308	132.463593
309	132.387787
310	132.311996
311	132.721024
312	133.221161
313	133.721283
314	134.254227
315	134.814804
316	135.375397
317	135.726532
318	135.423599
319	135.120682
320	134.817764
321	135.013809
322	135.240936
323	135.468048
324	135.869293
325	136.36882
326	136.868347
327	136.950806
328	136.20932
329	135.467819
330	134.771729
331	135.452499
332	136.13327
333	136.814041
334	137.131912
335	137.3134
336	137.494888
337	137.77179
338	138.180008
339	138.588242
340	138.872574
341	138.192383
342	137.512192
343	136.832001
344	137.101898
345	137.600571
346	138.099243
347	138.327469
348	138.28215
349	138.236832
350	138.211319
351	138.271729
352	138.332138
353	138.392548
354	137.896896
355	137.323135
356	136.749374
357	137.293686
358	138.69754
359	140.101395
360	140.962875
361	140.223404
362	139.483932
363	138.744461
364	138.912704
365	139.139023
366	139.365326
367	139.449997
368	139.449997
369	139.449997
370	139.459381
371	139.489548
372	139.519699
373	139.549866
374	139.595016
375	139.640244
376	139.685471
377	139.986542
378	140.408585
379	140.830627
380	140.865616
381	140.217636
382	139.569656
383	138.949341
384	138.934265
385	138.919205
386	138.904144
387	138.932755
388	138.977951
389	139.023132
390	139.06221
391	139.092331
392	139.122437
393	139.1987
394	139.770828
395	140.342957
396	140.91507
397	141.061508
398	141.076553
399	141.091614
400	141.060059
401	140.969757
402	140.879456
403	140.841553
404	141.187607
405	141.533676
406	141.87973
407	141.96199
408	141.977036
409	141.992081
410	142.185043
411	142.576096
412	142.967133
413	143.24408
414	142.868149
415	142.492218
416	142.116287
417	142.92926
418	143.996689
419	145.064133
420	145.570068
421	145.509933
422	145.449799
423	145.508331
424	146.139542
425	146.770737
426	147.401947
427	149.429169
428	151.71312
429	153.99707
430	159.085205
431	166.792175
432	174.499146
433	181.536102
434	185.696854
435	189.85759
436	194.018326
437	191.331573
438	187.531967
439	183.732346
440	178.721329
441	172.639999
442	166.55867
443	161.555115
444	160.834473
445	160.113846
446	159.393204
447	159.430695
448	159.580811
449	159.730911
450	159.605576
451	159.245377
452	158.885178
453	158.549988
454	158.309891
455	158.069794
456	157.829681
457	157.826294
458	157.856308
459	157.886307
460	157.785751
461	157.575729
462	157.365692
463	157.190506
464	157.145508
465	157.10051
466	157.055511
467	156.536652
468	155.951736
469	155.366821
470	155.0103
471	154.845337
472	154.680389
473	154.524872
474	154.404907
475	154.284958
476	154.165009
477	155.802628
478	157.69162
479	159.580612
480	161.906403
481	164.604614
482	167.302826
483	170.536652
484	175.857544
485	181.178436
486	186.499329
487	188.761581
488	190.559967
489	192.358368
490	191.97226
491	189.664551
492	187.356842
493	184.809143
494	181.273071
495	177.737
496	174.200928
497	170.960907
498	167.769745
499	164.578583
500	161.47345
501	158.447418
502	155.421387
503	152.779785
504	151.851089
505	150.922394
506	149.993698
507	149.571487
508	149.241974
509	148.91246
510	148.704453
511	148.614594
512	148.524734
513	148.424789
514	148.27504
515	148.12529
516	147.97554
517	148.185974
518	148.470474
519	148.75499
520	148.635712
521	148.09671
522	147.557693
523	147.133896
524	147.358459
525	147.583038
526	147.807617
527	149.173767
528	150.805573
529	152.437393
530	154.457214
531	156.912201
532	159.367172
533	163.218735
534	176.316223
535	189.413727
536	202.51123
537	227.801605
538	256.315704
539	284.829773
540	312.810333
541	340.139954
542	367.469574
543	391.933014
544	393.145294
545	394.357544
546	395.569794
547	377.370697
548	353.335999
549	329.3013
550	304.754944
551	279.524384
552	254.293823
553	229.95694
554	215.037643
555	200.118332
556	185.19902
557	176.7379
558	170.483093
559	164.228302
560	159.442291
561	156.823746
562	154.2052
563	151.722
564	151.273117
565	150.824234
566	150.375351
567	150.627457
568	151.151154
569	151.674835
570	152.811081
571	154.950653
572	157.090225
573	159.329102
574	164.131821
575	168.93454
576	173.737259
577	179.642899
578	186.031555
579	192.420227
580	197.962433
581	201.957153
582	205.951859
583	209.918137
584	211.474106
585	213.030075
586	214.586029
587	213.346619
588	210.728363
589	208.110107
590	204.874008
591	200.370682
592	195.867371
593	191.364044
594	186.963882
595	182.565216
596	178.16655
597	175.309174
598	173.304337
599	171.299484
600	170.527939
601	172.60762
602	174.687302
603	176.766998
604	189.921951
605	203.537384
606	217.152802
607	231.56398
608	246.4664
609	261.368835
610	272.874115
611	275.492584
612	278.111023
613	280.729462
614	274.17157
615	266.974457
616	259.777344
617	251.053192
618	241.282104
619	231.511017
620	222.173096
621	214.122513
622	206.071915
623	198.021332
624	193.676102
625	189.695557
626	185.715012
627	182.569061
628	180.054886
629	177.540726
630	175.200623
631	173.449661
632	171.698685
633	169.947708
634	166.683075
635	163.225784
636	159.768478
637	157.267822
638	155.561569
639	153.855301
640	152.266006
641	151.128418
642	149.990829
643	148.853241
644	148.881332
645	149.090897
646	149.300461
647	149.596481
648	149.970749
649	150.345001
650	150.627823
651	150.508057
652	150.38829
653	150.268524
654	149.693161
655	149.034409
656	148.375641
657	147.853134
658	147.463837
659	147.074524
660	146.72757
661	146.592804
662	146.458038
663	146.323273
664	146.250443
665	146.190536
666	146.130646
667	145.836578
668	145.297409
669	144.75824
670	144.293259
671	144.248322
672	144.203384
673	144.158447
674	144.11351
675	144.068573
676	144.023636
677	144.15625
678	144.485825
679	144.815414
680	145.14296
681	145.457596
682	145.772217
683	146.086853
684	145.623001
685	144.963699
686	144.304398
687	143.963852
688	143.993835
689	144.023804
690	144.027344
691	143.847488
692	143.667648
693	143.487793
694	143.521027
695	143.610962
696	143.700897
697	143.926987
698	144.316757
699	144.706528
700	145.114105
701	145.653854
702	146.193588
703	146.733322
704	148.001801
705	149.471268
706	150.940735
707	151.75
708	151.75
709	151.75
710	151.644577
711	150.729645
712	149.814728
713	148.899796
714	147.562698
715	146.107635
716	144.652573
717	143.998016
718	144.328079
719	144.658127
720	144.830185
721	143.79483
722	142.759491
723	141.724136
724	141.570557
725	141.660599
726	141.750641
727	141.745743
728	141.625671
729	141.505585
730	141.412674
731	141.517746
732	141.622833
733	141.727921
734	141.821167
735	141.911255
736	142.001343
737	141.980957
738	141.830795
739	141.680618
740	141.587158
741	141.872528
742	142.157883
743	142.443253
744	142.560181
745	142.635284
746	142.710388
747	142.799713
748	142.904892
749	143.010056
750	143.089127
751	143.013992
752	142.938858
753	142.863724
754	143.488892
755	144.270447
756	145.052017
757	145.671326
758	146.122314
759	146.573303
760	146.885605
761	146.494675
762	146.103745
763	145.712814
764	145.523773
765	145.373398
766	145.223007
767	144.623779
768	143.600952
769	142.57811
770	141.918976
771	142.806595
772	143.694214
773	144.581833
774	144.230392
775	143.688675
776	143.146942
777	142.8918
778	142.876755
779	142.86171
780	142.813248
781	142.647644
782	142.482056
783	142.316452
784	142.245758
785	142.185532
786	142.125305
787	142.265961
788	142.552109
789	142.838257
790	143.050003
791	143.050003
792	143.050003
793	143.050003
794	142.709778
795	142.34816
796	141.986542
797	142.12204
798	142.559097
799	142.99614
800	143.24028
801	143.044312
802	142.848343
803	142.652374
804	143.70752
805	144.778061
806	145.848602
807	146.949707
808	148.065765
809	149.181824
810	149.92688
811	150.002304
812	150.077744
813	150.086533
814	148.577637
815	147.068726
816	145.55983
817	145.347885
818	145.619553
819	145.891235
820	145.974716
821	145.793549
822	145.612381
823	145.432785
824	145.266663
825	145.100555
826	144.934448
827	145.187317
828	145.549835
829	145.912354
830	145.772049
831	145.092133
832	144.412231
833	143.808151
834	143.566345
835	143.324539
836	143.082718
837	143.219925
838	143.416458
839	143.612976
840	143.514633
841	143.181961
842	142.849289
843	142.505219
844	142.127075
845	141.748917
846	141.370773
847	141.564484
848	141.791443
849	142.018387
850	142.19693
851	142.348267
852	142.499619
853	142.431808
854	141.932205
855	141.432617
856	140.977798
857	141.795547
858	142.613281
859	143.43103
860	143.661087
861	143.676239
862	143.691391
863	143.346909
864	142.528641
865	141.710388
866	141.003998
867	141.034317
868	141.064636
869	141.09494
870	141.504242
871	141.989441
872	142.47464
873	142.773102
874	142.909607
875	143.046112
876	143.309509
877	143.977081
878	144.644653
879	145.312241
880	144.462265
881	143.521286
882	142.580292
883	142.397797
884	142.625519
885	142.853256
886	142.945999
887	142.794128
888	142.642258
889	142.490372
890	142.338455
891	142.186523
892	142.034607
893	142.140839
894	142.323212
895	142.505585
896	142.49736
897	142.284531
898	142.071686
899	141.87059
900	141.718506
901	141.566422
902	141.414337
903	141.524002
904	141.660919
905	141.797852
906	141.859421
907	141.874634
908	141.889862
909	141.899994
910	141.899994
911	141.899994
912	141.896973
913	141.83606
914	141.775146
915	141.714218
916	141.945236
917	142.265182
918	142.585129
919	142.772156
920	142.817886
921	142.863602
922	142.890656
923	142.84491
924	142.799179
925	142.753433
926	142.608932
927	142.456406
928	142.303879
929	142.240128
930	142.224869
931	142.20961
932	142.126587
933	141.928146
934	141.729706
935	141.538467
936	141.416306
937	141.294128
938	141.171967
939	141.400589
940	141.706131
941	142.011658
942	141.924179
943	141.511551
944	141.098923
945	140.745224
946	140.546463
947	140.347702
948	140.153244
949	140.76506
950	141.376862
951	141.988678
952	142.116196
953	142.070297
954	142.024384
955	142
956	142
957	142
958	142.021698
959	142.128906
960	142.236115
961	142.343307
962	142.450546
963	142.5578
964	142.665039
965	142.59668
966	142.443405
967	142.290131
968	142.092621
969	141.83194
970	141.571259
971	141.315201
972	141.085083
973	140.85498
974	140.624863
975	140.873795
976	141.18074
977	141.487686
978	141.16188
979	140.470917
980	139.779953
981	139.756195
982	140.831482
983	141.906769
984	142.865097
985	142.988052
986	143.110992
987	143.233932
988	143.477234
989	143.738617
990	144
991	143.767624
992	143.229248
993	142.690857
994	142.23143
995	141.908249
996	141.585068
997	141.294556
998	141.248367
999	141.202179
1000	141.155975
1001	141.35112
1002	141.582169
1003	141.813232
1004	141.822998
1005	141.699707
1006	141.576416
1007	141.400345
1008	141.138229
1009	140.876099
1010	140.728409
1011	141.299179
1012	141.869949
1013	142.440704
1014	142.292542
1015	142.061035
1016	141.829529
1017	141.780411
1018	141.826736
1019	141.873047
1020	141.8806
1021	141.834259
1022	141.787918
1023	141.631882
1024	140.982697
1025	140.333496
1026	139.684311
1027	139.972229
1028	140.312439
1029	140.652649
1030	141.611557
1031	142.818451
1032	144.02533
1033	144.254196
1034	143.433762
1035	142.613327
1036	142.01564
1037	142.077591
1038	142.139542
1039	142.199249
1040	142.168259
1041	142.137268
1042	142.106277
1043	141.963959
1044	141.793396
1045	141.622849
1046	141.532227
1047	141.501205
1048	141.470169
1049	141.433716
1050	141.387146
1051	141.340591
1052	141.300003
1053	141.300003
1054	141.300003
1055	141.300003
1056	141.187057
1057	141.062759
1058	140.938446
1059	140.771149
1060	140.584595
1061	140.398041
1062	140.491898
1063	140.896317
1064	141.300735
1065	141.519073
1066	141.207809
1067	140.89653
1068	140.597794
1069	140.551071
1070	140.504349
1071	140.457626
1072	140.567307
1073	140.70752
1074	140.847748
1075	141.18367
1076	141.635788
1077	142.087906
1078	142.20578
1079	141.86261
1080	141.51944
1081	141.273468
1082	141.382736
1083	141.491989
1084	141.592377
1085	140.920883
1086	140.249374
1087	139.577866
1088	139.475296
1089	139.506546
1090	139.537811
1091	139.845551
1092	140.330246
1093	140.814941
1094	140.984024
1095	140.702438
1096	140.420853
1097	140.210129
1098	140.257095
1099	140.304062
1100	140.348648
1101	140.285995
1102	140.223343
1103	140.16069
1104	140.098007
1105	140.035309
1106	139.972626
1107	139.789658
1108	139.538742
1109	139.287827
1110	139.149994
1111	139.149994
1112	139.149994
1113	139.232986
1114	139.547012
1115	139.861038
1116	140.13118
1117	139.895523
1118	139.659851
1119	139.424194
1120	139.710342
1121	140.056198
1122	140.402054
1123	140.308304
1124	140.040878
1125	139.773453
1126	139.34494
1127	138.778259
1128	138.211578
1129	137.644775
1130	137.077744
1131	136.510712
1132	135.987946
1133	135.656967
1134	135.326004
1135	135.009476
1136	135.640335
1137	136.271194
1138	136.902039
1139	136.826691
1140	136.621536
1141	136.416367
1142	135.997467
1143	135.476334
1144	134.955215
CHECKSUM›m